0.000000000000000000e+00 6.751344999999999708e-01 6.817330000000000334e-01 6.851819999999999578e-01 6.856934000000000085e-01 6.851019000000000414e-01 6.839207000000000480e-01
7.972147306549901558e+00 6.764409999999999590e-01 6.832055999999999685e-01 6.869290999999999592e-01 6.875729000000000424e-01 6.869935000000000347e-01 6.858657999999999699e-01
1.594429461309980312e+01 6.791129999999999667e-01 6.851890000000000480e-01 6.887526999999999955e-01 6.894371000000000249e-01 6.889161000000000312e-01 6.877815000000000456e-01
2.391644191964970645e+01 6.825565000000000104e-01 6.873711000000000126e-01 6.906105999999999634e-01 6.912610999999999617e-01 6.907955999999999541e-01 6.896991000000000094e-01
3.188858922619960623e+01 6.865223999999999771e-01 6.897708000000000172e-01 6.924708000000000530e-01 6.930469000000000213e-01 6.926307999999999909e-01 6.915904999999999969e-01
3.986073653274950601e+01 6.907003999999999921e-01 6.924240000000000395e-01 6.943730000000000180e-01 6.948684000000000527e-01 6.944738999999999773e-01 6.934316000000000368e-01
4.783288383929941290e+01 6.946946000000000510e-01 6.950640000000000152e-01 6.963433999999999457e-01 6.966586000000000167e-01 6.962673999999999808e-01 6.952755999999999936e-01
5.580503114584931268e+01 6.980785999999999936e-01 6.975462999999999525e-01 6.982968000000000508e-01 6.984346999999999639e-01 6.980182999999999804e-01 6.971114999999999950e-01
6.377717845239921246e+01 7.008636000000000310e-01 6.998528000000000526e-01 7.001754999999999507e-01 7.002169000000000310e-01 6.997851000000000488e-01 6.988636999999999766e-01
7.174932575894911224e+01 7.031526999999999639e-01 7.020520999999999567e-01 7.020471999999999824e-01 7.019758000000000386e-01 7.015301000000000453e-01 7.005919999999999925e-01
7.972147306549901202e+01 7.049531999999999465e-01 7.040965999999999614e-01 7.038786000000000209e-01 7.037080999999999475e-01 7.032308000000000447e-01 7.023506000000000471e-01
8.769362037204891180e+01 7.065312000000000259e-01 7.061243999999999854e-01 7.057058000000000497e-01 7.054137000000000324e-01 7.049482000000000248e-01 7.041193999999999509e-01
9.566576767859882580e+01 7.081629999999999869e-01 7.081302999999999903e-01 7.075766000000000000e-01 7.070809999999999595e-01 7.066820999999999797e-01 7.058630999999999656e-01
1.036379149851487256e+02 7.098813999999999957e-01 7.100087999999999955e-01 7.094101000000000434e-01 7.087520999999999960e-01 7.083620000000000472e-01 7.076031999999999877e-01
1.116100622916986254e+02 7.118138999999999994e-01 7.118303000000000269e-01 7.111313999999999691e-01 7.104747000000000146e-01 7.100106999999999946e-01 7.093570999999999627e-01
1.195822095982485251e+02 7.138636000000000426e-01 7.135238999999999887e-01 7.128354999999999553e-01 7.121790000000000065e-01 7.116643999999999748e-01 7.110954999999999915e-01
1.275543569047984249e+02 7.158101999999999521e-01 7.150763999999999454e-01 7.144842999999999611e-01 7.138550000000000173e-01 7.133367999999999931e-01 7.128413000000000110e-01
1.355265042113483389e+02 7.176727999999999996e-01 7.167618000000000045e-01 7.161811999999999623e-01 7.155936999999999992e-01 7.150254000000000332e-01 7.146050000000000457e-01
1.434986515178982245e+02 7.193000000000000504e-01 7.185551000000000021e-01 7.178856000000000126e-01 7.172423999999999467e-01 7.166926000000000130e-01 7.163538999999999879e-01
1.514707988244481385e+02 7.208115000000000494e-01 7.203348000000000528e-01 7.195736000000000354e-01 7.188965000000000494e-01 7.184198000000000528e-01 7.181239999999999846e-01
1.594429461309980240e+02 7.222458000000000489e-01 7.221395000000000453e-01 7.211798999999999848e-01 7.205808000000000213e-01 7.201712000000000113e-01 7.199301000000000172e-01
1.674150934375479380e+02 7.238077000000000538e-01 7.236200999999999883e-01 7.228497000000000394e-01 7.222775999999999641e-01 7.219565000000000010e-01 7.216654999999999598e-01
1.753872407440978236e+02 7.256673000000000151e-01 7.254024999999999501e-01 7.245298000000000016e-01 7.240199000000000495e-01 7.237576999999999483e-01 7.234350000000000502e-01
1.833593880506477376e+02 7.273192000000000546e-01 7.271058000000000243e-01 7.262108999999999925e-01 7.258012999999999826e-01 7.255354999999999999e-01 7.251942000000000110e-01
1.913315353571976516e+02 7.287732000000000099e-01 7.287978000000000511e-01 7.279605999999999577e-01 7.276396000000000530e-01 7.273456000000000365e-01 7.269792999999999950e-01
1.993036826637475372e+02 7.304344000000000392e-01 7.306614999999999638e-01 7.298274000000000150e-01 7.294850000000000501e-01 7.291887000000000230e-01 7.287926000000000126e-01
2.072758299702974512e+02 7.322035999999999545e-01 7.326209000000000193e-01 7.317211000000000132e-01 7.313722999999999752e-01 7.310204999999999620e-01 7.306057000000000246e-01
2.152479772768473367e+02 7.341450999999999949e-01 7.346179000000000459e-01 7.336875999999999953e-01 7.332722999999999880e-01 7.328704000000000329e-01 7.324542000000000552e-01
2.232201245833972507e+02 7.362876000000000420e-01 7.367025999999999852e-01 7.356979999999999631e-01 7.351628000000000052e-01 7.347500000000000142e-01 7.343463000000000074e-01
2.311922718899471363e+02 7.387088000000000543e-01 7.388966999999999619e-01 7.376884999999999692e-01 7.371250999999999776e-01 7.366525000000000434e-01 7.362246999999999542e-01
2.391644191964970503e+02 7.413220000000000365e-01 7.410883000000000331e-01 7.397749000000000130e-01 7.391219999999999457e-01 7.385570999999999664e-01 7.381024000000000473e-01
2.471365665030469358e+02 7.439702000000000259e-01 7.432522999999999769e-01 7.418844999999999468e-01 7.410923999999999845e-01 7.404460000000000486e-01 7.399894999999999667e-01
2.551087138095968498e+02 7.465254000000000056e-01 7.454612000000000460e-01 7.439430000000000209e-01 7.430714000000000485e-01 7.423573999999999451e-01 7.418928000000000189e-01
2.630808611161467638e+02 7.489681999999999729e-01 7.476732999999999851e-01 7.460278000000000187e-01 7.450358000000000258e-01 7.443172000000000121e-01 7.438044999999999796e-01
2.710530084226966778e+02 7.510649999999999826e-01 7.497924999999999729e-01 7.482022999999999868e-01 7.470193000000000527e-01 7.463130999999999515e-01 7.457118000000000357e-01
2.790251557292465350e+02 7.528650999999999538e-01 7.517897999999999525e-01 7.503705000000000513e-01 7.490738999999999592e-01 7.482874000000000470e-01 7.476285000000000291e-01
2.869973030357964490e+02 7.545247000000000481e-01 7.538285999999999598e-01 7.524631000000000514e-01 7.510637000000000008e-01 7.502640999999999893e-01 7.495553000000000354e-01
2.949694503423463630e+02 7.561554000000000331e-01 7.558570000000000011e-01 7.545207000000000441e-01 7.530381000000000435e-01 7.522484999999999866e-01 7.514948999999999657e-01
3.029415976488962770e+02 7.577431000000000028e-01 7.578177000000000385e-01 7.565252000000000088e-01 7.550852000000000119e-01 7.541794000000000553e-01 7.534075000000000077e-01
3.109137449554461341e+02 7.594988000000000294e-01 7.598827999999999694e-01 7.585606999999999767e-01 7.571584000000000092e-01 7.560658999999999574e-01 7.553151000000000170e-01
3.188858922619960481e+02 7.615644999999999776e-01 7.620658999999999628e-01 7.604876000000000413e-01 7.590478000000000502e-01 7.580303000000000457e-01 7.572503000000000428e-01
3.268580395685459621e+02 7.640721999999999792e-01 7.642398000000000247e-01 7.624109000000000025e-01 7.609481000000000162e-01 7.599822999999999995e-01 7.591522000000000547e-01
3.348301868750958761e+02 7.670103999999999811e-01 7.662946999999999953e-01 7.643683000000000005e-01 7.628257000000000509e-01 7.619293999999999789e-01 7.610639000000000154e-01
3.428023341816457901e+02 7.697315000000000129e-01 7.683024000000000520e-01 7.663054000000000254e-01 7.647243999999999708e-01 7.638192999999999788e-01 7.629293000000000324e-01
3.507744814881956472e+02 7.721305000000000529e-01 7.701666999999999819e-01 7.680154999999999621e-01 7.665416000000000452e-01 7.656998000000000415e-01 7.647235999999999478e-01
3.587466287947455612e+02 7.743162000000000100e-01 7.719184000000000045e-01 7.697292000000000023e-01 7.683678999999999926e-01 7.675429000000000279e-01 7.665499999999999536e-01
3.667187761012954752e+02 7.762691000000000452e-01 7.734664999999999457e-01 7.714516000000000151e-01 7.702101000000000086e-01 7.693879000000000135e-01 7.684060000000000334e-01
3.746909234078453892e+02 7.778591000000000255e-01 7.748032999999999726e-01 7.730217999999999812e-01 7.720380999999999494e-01 7.711953999999999754e-01 7.702368000000000547e-01
3.826630707143953032e+02 7.788175000000000514e-01 7.760361999999999538e-01 7.744961999999999680e-01 7.737266000000000421e-01 7.729840000000000044e-01 7.720491000000000437e-01
3.906352180209451603e+02 7.793662000000000090e-01 7.770688000000000040e-01 7.759304999999999675e-01 7.753676000000000457e-01 7.747201999999999700e-01 7.738800999999999597e-01
3.986073653274950743e+02 7.795729999999999604e-01 7.780399000000000065e-01 7.774159000000000486e-01 7.770388999999999768e-01 7.764288000000000300e-01 7.757207000000000408e-01
4.065795126340449883e+02 7.794269000000000336e-01 7.789462999999999804e-01 7.789247999999999728e-01 7.787117999999999540e-01 7.781582999999999695e-01 7.775292999999999788e-01
4.145516599405949023e+02 7.790694999999999704e-01 7.798319000000000223e-01 7.803442000000000434e-01 7.803573000000000315e-01 7.798895000000000133e-01 7.793052999999999786e-01
4.225238072471447595e+02 7.788047999999999638e-01 7.808475999999999750e-01 7.817001000000000088e-01 7.819477000000000233e-01 7.815697999999999812e-01 7.810757000000000394e-01
4.304959545536946735e+02 7.791411000000000309e-01 7.819835000000000536e-01 7.831179999999999808e-01 7.834904999999999786e-01 7.832398000000000415e-01 7.828270999999999979e-01
4.384681018602445874e+02 7.803379999999999761e-01 7.832791999999999533e-01 7.846182999999999907e-01 7.850428000000000406e-01 7.849559999999999871e-01 7.845862999999999587e-01
4.464402491667945014e+02 7.822947999999999569e-01 7.848247999999999891e-01 7.861491999999999924e-01 7.866064000000000389e-01 7.866705000000000503e-01 7.863371000000000111e-01
4.544123964733444154e+02 7.848983999999999961e-01 7.864195000000000491e-01 7.876178000000000345e-01 7.881958999999999493e-01 7.883023999999999587e-01 7.880593999999999655e-01
4.623845437798942726e+02 7.878058000000000005e-01 7.880129999999999635e-01 7.890829000000000315e-01 7.897598999999999592e-01 7.899498999999999826e-01 7.897960000000000536e-01
4.703566910864441866e+02 7.907309000000000143e-01 7.895836000000000521e-01 7.905149999999999677e-01 7.913099999999999579e-01 7.915674999999999795e-01 7.914980999999999822e-01
4.783288383929941006e+02 7.934501000000000470e-01 7.911818000000000461e-01 7.919376000000000193e-01 7.929410000000000069e-01 7.932860999999999940e-01 7.931540999999999730e-01
4.863009856995440146e+02 7.955763000000000140e-01 7.928382999999999958e-01 7.935514000000000179e-01 7.945716999999999919e-01 7.949941999999999842e-01 7.948492999999999808e-01
4.942731330060938717e+02 7.971705999999999515e-01 7.943487000000000187e-01 7.950627999999999584e-01 7.961740999999999957e-01 7.966423000000000254e-01 7.965065000000000062e-01
5.022452803126437857e+02 7.986058000000000323e-01 7.958201999999999776e-01 7.965351999999999988e-01 7.978709000000000495e-01 7.983538000000000023e-01 7.981740999999999975e-01
5.102174276191936997e+02 7.995579000000000436e-01 7.970433000000000101e-01 7.981131999999999671e-01 7.994868000000000530e-01 8.000631000000000270e-01 7.998319999999999874e-01
5.181895749257436137e+02 8.003510000000000346e-01 7.982116999999999685e-01 7.997467999999999799e-01 8.012101999999999835e-01 8.017267999999999617e-01 8.015214999999999979e-01
5.261617222322935277e+02 8.010557000000000372e-01 7.997577000000000158e-01 8.013363000000000014e-01 8.029332000000000136e-01 8.033960999999999464e-01 8.031781999999999533e-01
5.341338695388434417e+02 8.018003999999999687e-01 8.012664000000000453e-01 8.029918999999999807e-01 8.046031999999999629e-01 8.051055000000000295e-01 8.047971000000000430e-01
5.421060168453933557e+02 8.027809000000000195e-01 8.027075999999999656e-01 8.047646999999999995e-01 8.063534999999999453e-01 8.068368000000000206e-01 8.064436999999999856e-01
5.500781641519431560e+02 8.043282000000000487e-01 8.042820999999999998e-01 8.066198999999999453e-01 8.081487000000000531e-01 8.085453999999999697e-01 8.080597999999999947e-01
5.580503114584930699e+02 8.061485999999999930e-01 8.062354000000000465e-01 8.085539000000000476e-01 8.099224000000000423e-01 8.102340999999999571e-01 8.096602999999999994e-01
5.660224587650429839e+02 8.081298999999999566e-01 8.082650999999999586e-01 8.105478999999999878e-01 8.116919999999999691e-01 8.118956999999999979e-01 8.112511000000000028e-01
5.739946060715928979e+02 8.100821999999999745e-01 8.103909000000000251e-01 8.125938999999999801e-01 8.135426000000000046e-01 8.135175000000000045e-01 8.128168999999999533e-01
5.819667533781428119e+02 8.119536000000000531e-01 8.126364999999999839e-01 8.146579999999999933e-01 8.154270000000000129e-01 8.151475000000000248e-01 8.143603000000000369e-01
5.899389006846927259e+02 8.138149999999999551e-01 8.150380000000000402e-01 8.166765000000000274e-01 8.172682000000000002e-01 8.167742000000000058e-01 8.158802000000000554e-01
5.979110479912426399e+02 8.157811999999999841e-01 8.175656000000000034e-01 8.187261999999999595e-01 8.190933000000000241e-01 8.183635999999999688e-01 8.173667999999999489e-01
6.058831952977925539e+02 8.180129000000000428e-01 8.199621000000000270e-01 8.208889999999999798e-01 8.208879999999999511e-01 8.199381000000000030e-01 8.188189000000000162e-01
6.138553426043424679e+02 8.204145999999999939e-01 8.223544999999999883e-01 8.230448999999999682e-01 8.225829000000000057e-01 8.214761999999999897e-01 8.202211999999999836e-01
6.218274899108922682e+02 8.230222000000000371e-01 8.248858000000000024e-01 8.251380000000000381e-01 8.242112000000000327e-01 8.230007999999999768e-01 8.215803000000000411e-01
6.297996372174421822e+02 8.258250000000000313e-01 8.274302999999999519e-01 8.271117999999999526e-01 8.258410999999999946e-01 8.244728000000000057e-01 8.229357999999999951e-01
6.377717845239920962e+02 8.286571000000000353e-01 8.296765000000000390e-01 8.290535999999999461e-01 8.274129999999999541e-01 8.259379000000000026e-01 8.242795000000000538e-01
6.457439318305420102e+02 8.314504999999999812e-01 8.318149999999999711e-01 8.307592000000000310e-01 8.289372999999999880e-01 8.273456000000000143e-01 8.255687999999999915e-01
6.537160791370919242e+02 8.339581999999999828e-01 8.338495000000000212e-01 8.322810999999999959e-01 8.304146999999999501e-01 8.286700999999999651e-01 8.267873999999999501e-01
6.616882264436418382e+02 8.360625000000000417e-01 8.357088999999999768e-01 8.337611000000000328e-01 8.316913000000000222e-01 8.298879999999999590e-01 8.280298000000000380e-01
6.696603737501917522e+02 8.378600000000000492e-01 8.372629000000000321e-01 8.350533999999999457e-01 8.329997000000000096e-01 8.310347000000000151e-01 8.292087999999999681e-01
6.776325210567416661e+02 8.393585000000000074e-01 8.384650999999999632e-01 8.361671000000000520e-01 8.341391999999999696e-01 8.322019000000000499e-01 8.303580999999999879e-01
6.856046683632915801e+02 8.406133000000000077e-01 8.394388999999999879e-01 8.371380000000000488e-01 8.351051999999999920e-01 8.332791999999999977e-01 8.314665999999999446e-01
6.935768156698413804e+02 8.416141000000000316e-01 8.401041000000000203e-01 8.379161000000000525e-01 8.359522000000000341e-01 8.342528999999999639e-01 8.325038000000000160e-01
7.015489629763912944e+02 8.421760999999999830e-01 8.406871999999999678e-01 8.385466000000000308e-01 8.367449000000000137e-01 8.351572000000000440e-01 8.335373999999999839e-01
7.095211102829412084e+02 8.426698000000000244e-01 8.410130000000000106e-01 8.391007999999999800e-01 8.374544999999999906e-01 8.360693000000000152e-01 8.345432000000000405e-01
7.174932575894911224e+02 8.429491999999999541e-01 8.411724000000000423e-01 8.395451999999999915e-01 8.381328999999999585e-01 8.369360999999999606e-01 8.354926000000000297e-01
7.254654048960410364e+02 8.430868000000000251e-01 8.411197999999999730e-01 8.398660000000000014e-01 8.387459000000000442e-01 8.377248999999999945e-01 8.364291999999999838e-01
7.334375522025909504e+02 8.430085999999999968e-01 8.409564000000000483e-01 8.400978999999999530e-01 8.392918000000000323e-01 8.384658999999999862e-01 8.373376000000000152e-01
7.414096995091408644e+02 8.427187000000000427e-01 8.407873000000000152e-01 8.403060999999999447e-01 8.398459000000000341e-01 8.391927000000000136e-01 8.382163999999999726e-01
7.493818468156907784e+02 8.424264000000000197e-01 8.406508999999999787e-01 8.405846999999999625e-01 8.404009000000000063e-01 8.399347999999999814e-01 8.390988000000000335e-01
7.573539941222406924e+02 8.420706000000000024e-01 8.405546000000000406e-01 8.408967000000000525e-01 8.409164999999999557e-01 8.406483000000000150e-01 8.399697999999999887e-01
7.653261414287906064e+02 8.416746999999999979e-01 8.405382999999999605e-01 8.411754999999999649e-01 8.414127000000000134e-01 8.413485000000000547e-01 8.408056999999999892e-01
7.732982887353404067e+02 8.413671999999999818e-01 8.406578999999999580e-01 8.414882000000000195e-01 8.419373999999999469e-01 8.420632999999999591e-01 8.416468999999999756e-01
7.812704360418903207e+02 8.413045000000000107e-01 8.408400000000000318e-01 8.419261999999999579e-01 8.425475999999999521e-01 8.427765000000000395e-01 8.424660000000000482e-01
7.892425833484402347e+02 8.413633000000000361e-01 8.412039999999999518e-01 8.424211999999999811e-01 8.432442999999999467e-01 8.434979999999999700e-01 8.433133000000000434e-01
7.972147306549901487e+02 8.414317999999999520e-01 8.416993000000000391e-01 8.429438999999999682e-01 8.439202000000000092e-01 8.441921000000000008e-01 8.441454999999999931e-01
8.051868779615400626e+02 8.415481000000000211e-01 8.422465000000000090e-01 8.435169999999999613e-01 8.445745999999999531e-01 8.448666999999999705e-01 8.449588999999999572e-01
8.131590252680899766e+02 8.418094000000000410e-01 8.429680000000000506e-01 8.442486000000000157e-01 8.453325000000000422e-01 8.456550999999999929e-01 8.458288000000000473e-01
8.211311725746398906e+02 8.422671000000000463e-01 8.438411999999999580e-01 8.450587999999999989e-01 8.461341000000000001e-01 8.464544000000000512e-01 8.466744000000000492e-01
8.291033198811898046e+02 8.426761000000000390e-01 8.448560000000000514e-01 8.460571000000000064e-01 8.469478000000000284e-01 8.473465000000000025e-01 8.475074000000000218e-01
8.370754671877397186e+02 8.433591000000000282e-01 8.460623000000000449e-01 8.470655000000000268e-01 8.477443999999999535e-01 8.482186000000000448e-01 8.483682000000000167e-01
8.450476144942895189e+02 8.445896000000000514e-01 8.474764000000000186e-01 8.481338000000000488e-01 8.486580000000000235e-01 8.490471000000000545e-01 8.492216999999999683e-01
8.530197618008394329e+02 8.464641999999999999e-01 8.488719999999999599e-01 8.493154000000000536e-01 8.496844000000000063e-01 8.499849999999999905e-01 8.500866999999999729e-01
8.609919091073893469e+02 8.486213999999999702e-01 8.503882000000000385e-01 8.505289999999999795e-01 8.507272999999999641e-01 8.509366999999999903e-01 8.510014999999999663e-01
8.689640564139392609e+02 8.511769999999999614e-01 8.520140000000000491e-01 8.517645999999999828e-01 8.517983999999999556e-01 8.518533999999999828e-01 8.519548999999999594e-01
8.769362037204891749e+02 8.536409999999999831e-01 8.537211000000000105e-01 8.530296000000000545e-01 8.528563000000000116e-01 8.527679000000000231e-01 8.528717000000000104e-01
8.849083510270390889e+02 8.561368999999999785e-01 8.554384000000000432e-01 8.544306000000000401e-01 8.539377999999999691e-01 8.537618999999999625e-01 8.537824000000000524e-01
8.928804983335890029e+02 8.584119999999999528e-01 8.571461000000000219e-01 8.557749000000000050e-01 8.550976999999999606e-01 8.547599999999999643e-01 8.546831000000000289e-01
9.008526456401389169e+02 8.602798999999999863e-01 8.586684999999999457e-01 8.570503000000000426e-01 8.562172999999999590e-01 8.557738999999999763e-01 8.555749000000000271e-01
9.088247929466888309e+02 8.617626999999999926e-01 8.600674999999999848e-01 8.583043000000000200e-01 8.572895000000000376e-01 8.567909000000000219e-01 8.564591999999999761e-01
9.167969402532386312e+02 8.628240999999999827e-01 8.613108000000000430e-01 8.594924999999999926e-01 8.583534999999999915e-01 8.577690000000000037e-01 8.573345999999999467e-01
9.247690875597885451e+02 8.634212999999999472e-01 8.624070000000000347e-01 8.606475000000000097e-01 8.594298000000000215e-01 8.587550999999999934e-01 8.582191000000000125e-01
9.327412348663384591e+02 8.638112000000000013e-01 8.634739000000000164e-01 8.617926999999999671e-01 8.604429000000000105e-01 8.597550999999999943e-01 8.590995999999999633e-01
9.407133821728883731e+02 8.641550999999999538e-01 8.644058999999999493e-01 8.628149999999999986e-01 8.614159000000000121e-01 8.607036999999999605e-01 8.599677999999999489e-01
9.486855294794382871e+02 8.646926999999999808e-01 8.652887999999999691e-01 8.636924000000000268e-01 8.623863000000000500e-01 8.616475000000000106e-01 8.608666999999999847e-01
9.566576767859882011e+02 8.653904000000000041e-01 8.660533000000000259e-01 8.645724999999999660e-01 8.633300999999999892e-01 8.626074000000000241e-01 8.617103000000000401e-01
9.646298240925381151e+02 8.659784000000000370e-01 8.667169999999999597e-01 8.653610999999999942e-01 8.642149000000000081e-01 8.635557999999999845e-01 8.625680999999999488e-01
9.726019713990880291e+02 8.667116999999999738e-01 8.675604000000000093e-01 8.661035000000000261e-01 8.651297999999999488e-01 8.644136999999999516e-01 8.634344000000000463e-01
9.805741187056379431e+02 8.675589999999999691e-01 8.682758000000000420e-01 8.668460999999999528e-01 8.659004999999999619e-01 8.652119000000000337e-01 8.642649999999999499e-01
9.885462660121877434e+02 8.684918999999999834e-01 8.688382000000000049e-01 8.674950000000000161e-01 8.666992000000000029e-01 8.660575999999999830e-01 8.650729999999999809e-01
9.965184133187376574e+02 8.696407000000000442e-01 8.693767999999999496e-01 8.681735000000000424e-01 8.674433999999999756e-01 8.668612999999999458e-01 8.659229999999999983e-01
1.004490560625287571e+03 8.708401000000000058e-01 8.699305999999999983e-01 8.688451000000000368e-01 8.682309000000000276e-01 8.676133999999999791e-01 8.666960999999999693e-01
1.012462707931837485e+03 8.719879000000000380e-01 8.704954000000000303e-01 8.694669999999999899e-01 8.689860999999999835e-01 8.683625999999999845e-01 8.673747000000000540e-01
1.020434855238387399e+03 8.727591000000000099e-01 8.709913999999999712e-01 8.700746000000000313e-01 8.696454000000000129e-01 8.690567999999999627e-01 8.680539000000000449e-01
1.028407002544937313e+03 8.729778999999999733e-01 8.714760999999999758e-01 8.706985999999999892e-01 8.703659999999999730e-01 8.697542000000000328e-01 8.687382000000000160e-01
1.036379149851487227e+03 8.727740000000000498e-01 8.721425000000000427e-01 8.713674999999999615e-01 8.710115000000000496e-01 8.704385000000000039e-01 8.693788000000000071e-01
1.044351297158037141e+03 8.724981000000000542e-01 8.728367000000000209e-01 8.720474000000000281e-01 8.716869000000000423e-01 8.710928000000000004e-01 8.700040999999999469e-01
1.052323444464587055e+03 8.724203999999999848e-01 8.734783999999999882e-01 8.727721999999999980e-01 8.723583000000000309e-01 8.716996999999999662e-01 8.706133000000000344e-01
1.060295591771136969e+03 8.727918000000000065e-01 8.741659000000000512e-01 8.735602999999999563e-01 8.730183000000000249e-01 8.722870999999999819e-01 8.711837999999999527e-01
1.068267739077686883e+03 8.738314999999999833e-01 8.750847999999999960e-01 8.743345999999999618e-01 8.736264999999999725e-01 8.728744000000000502e-01 8.717549999999999466e-01
1.076239886384236797e+03 8.753950999999999816e-01 8.762320999999999582e-01 8.751757000000000009e-01 8.742105999999999488e-01 8.734072999999999976e-01 8.723039000000000209e-01
1.084212033690786711e+03 8.773233000000000281e-01 8.774191000000000074e-01 8.759991999999999779e-01 8.747895999999999450e-01 8.739282999999999912e-01 8.728179000000000354e-01
1.092184180997336625e+03 8.795146000000000353e-01 8.785462000000000549e-01 8.767061999999999911e-01 8.753279000000000476e-01 8.744427999999999646e-01 8.733208999999999556e-01
1.100156328303886312e+03 8.816779999999999617e-01 8.795889000000000069e-01 8.773421999999999610e-01 8.757981999999999712e-01 8.749048000000000380e-01 8.737774999999999848e-01
1.108128475610436226e+03 8.834836000000000356e-01 8.804551000000000460e-01 8.778477999999999559e-01 8.763109000000000037e-01 8.753248000000000140e-01 8.741725000000000190e-01
1.116100622916986140e+03 8.845861999999999892e-01 8.810717000000000132e-01 8.783208999999999600e-01 8.768048999999999982e-01 8.757074999999999720e-01 8.745541000000000009e-01
1.124072770223536054e+03 8.846891000000000060e-01 8.814632999999999496e-01 8.786775000000000002e-01 8.771544999999999481e-01 8.760788999999999938e-01 8.749065999999999788e-01
1.132044917530085968e+03 8.841236999999999568e-01 8.814543999999999713e-01 8.788820999999999994e-01 8.774815000000000254e-01 8.764520999999999562e-01 8.752761999999999487e-01
1.140017064836635882e+03 8.828943999999999681e-01 8.812613000000000252e-01 8.790658000000000083e-01 8.776941000000000326e-01 8.767397000000000107e-01 8.756066000000000127e-01
1.147989212143185796e+03 8.812543000000000459e-01 8.806971000000000105e-01 8.791328999999999949e-01 8.779360000000000497e-01 8.769453000000000387e-01 8.758778999999999870e-01
1.155961359449735710e+03 8.796661000000000064e-01 8.800329999999999542e-01 8.790434000000000303e-01 8.781653000000000375e-01 8.771972999999999576e-01 8.761322000000000276e-01
1.163933506756285624e+03 8.783393000000000450e-01 8.793655000000000221e-01 8.789614999999999512e-01 8.783279999999999976e-01 8.773488999999999871e-01 8.763218000000000396e-01
1.171905654062835538e+03 8.771702999999999584e-01 8.783587999999999951e-01 8.787848999999999799e-01 8.784762000000000404e-01 8.775378999999999818e-01 8.765104000000000228e-01
1.179877801369385452e+03 8.763975000000000515e-01 8.777234000000000425e-01 8.786671999999999816e-01 8.785520999999999470e-01 8.776850000000000485e-01 8.766800000000000148e-01
1.187849948675935366e+03 8.758179999999999854e-01 8.773263000000000034e-01 8.784701999999999789e-01 8.785283000000000397e-01 8.778143000000000473e-01 8.768067999999999973e-01
1.195822095982485280e+03 8.753168000000000060e-01 8.768061000000000327e-01 8.783267000000000158e-01 8.785030999999999812e-01 8.779715999999999632e-01 8.769481999999999555e-01
1.203794243289035194e+03 8.750795999999999575e-01 8.765522000000000036e-01 8.783069000000000015e-01 8.784298000000000384e-01 8.780651999999999902e-01 8.770626000000000255e-01
1.211766390595585108e+03 8.750584000000000140e-01 8.764290999999999610e-01 8.781856999999999580e-01 8.784663999999999806e-01 8.780885000000000495e-01 8.770944000000000518e-01
1.219738537902135022e+03 8.749945000000000084e-01 8.763482999999999690e-01 8.781099999999999461e-01 8.785142999999999702e-01 8.781138000000000554e-01 8.770904999999999951e-01
1.227710685208684936e+03 8.749464000000000130e-01 8.764136999999999622e-01 8.781360999999999750e-01 8.785193999999999503e-01 8.781214000000000519e-01 8.770868000000000553e-01
1.235682832515234850e+03 8.750392000000000170e-01 8.767403000000000279e-01 8.781533000000000255e-01 8.785716000000000081e-01 8.781115999999999921e-01 8.770829999999999460e-01
1.243654979821784536e+03 8.753319999999999990e-01 8.772666999999999549e-01 8.782558000000000309e-01 8.785515999999999881e-01 8.780928999999999540e-01 8.770411000000000179e-01
1.251627127128334450e+03 8.758247000000000115e-01 8.778922000000000114e-01 8.784676000000000151e-01 8.784425999999999624e-01 8.780421000000000475e-01 8.769816999999999751e-01
1.259599274434884364e+03 8.767201999999999495e-01 8.785591999999999846e-01 8.786509000000000125e-01 8.783860999999999475e-01 8.779517000000000015e-01 8.769162999999999819e-01
1.267571421741434278e+03 8.781900999999999735e-01 8.792159999999999975e-01 8.788065999999999933e-01 8.783562000000000314e-01 8.778354999999999908e-01 8.767973999999999490e-01
1.275543569047984192e+03 8.799928000000000194e-01 8.798154999999999726e-01 8.789962000000000053e-01 8.782697999999999894e-01 8.777262999999999593e-01 8.766448000000000018e-01
1.283515716354534106e+03 8.818776000000000392e-01 8.804071999999999454e-01 8.791299999999999670e-01 8.781778000000000084e-01 8.776017000000000401e-01 8.764899000000000440e-01
1.291487863661084020e+03 8.836239000000000177e-01 8.810999999999999943e-01 8.792098000000000413e-01 8.780329000000000050e-01 8.773811000000000249e-01 8.763121000000000382e-01
1.299460010967633934e+03 8.847144000000000119e-01 8.815948000000000118e-01 8.793414999999999981e-01 8.777757999999999949e-01 8.772100000000000453e-01 8.761295000000000055e-01
1.307432158274183848e+03 8.852854999999999475e-01 8.818867000000000234e-01 8.793874000000000413e-01 8.775627999999999762e-01 8.770170999999999939e-01 8.759036999999999518e-01
1.315404305580733762e+03 8.851447999999999539e-01 8.819472000000000422e-01 8.792794999999999916e-01 8.773473000000000521e-01 8.767409000000000452e-01 8.756315999999999544e-01
1.323376452887283676e+03 8.842280000000000140e-01 8.816015999999999853e-01 8.790200999999999709e-01 8.771006999999999554e-01 8.764520000000000088e-01 8.753619999999999735e-01
1.331348600193833590e+03 8.827481999999999829e-01 8.810788000000000508e-01 8.786517999999999828e-01 8.768264999999999532e-01 8.761501000000000428e-01 8.750415000000000276e-01
1.339320747500383504e+03 8.811358000000000246e-01 8.804880000000000484e-01 8.781953000000000120e-01 8.765764999999999807e-01 8.758076000000000194e-01 8.746722999999999582e-01
1.347292894806933418e+03 8.798561000000000298e-01 8.799251999999999629e-01 8.777196999999999916e-01 8.762027999999999484e-01 8.754610999999999921e-01 8.743128999999999484e-01
1.355265042113483332e+03 8.789162000000000363e-01 8.793315000000000436e-01 8.772877999999999510e-01 8.757340000000000124e-01 8.750809999999999977e-01 8.738890999999999742e-01
1.363237189420033246e+03 8.788411000000000417e-01 8.788671999999999596e-01 8.766924999999999857e-01 8.752731999999999735e-01 8.746614999999999807e-01 8.734427999999999637e-01
1.371209336726583160e+03 8.793376000000000525e-01 8.783792999999999740e-01 8.761381999999999781e-01 8.748356000000000465e-01 8.742467000000000432e-01 8.729628000000000387e-01
1.379181484033133074e+03 8.799639999999999684e-01 8.776372999999999536e-01 8.755467999999999584e-01 8.744066999999999812e-01 8.738004999999999800e-01 8.724663000000000279e-01
1.387153631339682761e+03 8.804328000000000154e-01 8.769671999999999468e-01 8.749544000000000210e-01 8.739789999999999504e-01 8.733119999999999772e-01 8.719793000000000127e-01
1.395125778646232675e+03 8.804543000000000230e-01 8.763674999999999660e-01 8.742636999999999770e-01 8.734739999999999727e-01 8.727734000000000325e-01 8.714473000000000358e-01
1.403097925952782589e+03 8.800392000000000214e-01 8.756682999999999550e-01 8.736255000000000548e-01 8.729510999999999799e-01 8.722231999999999763e-01 8.708626000000000422e-01
1.411070073259332503e+03 8.792746000000000173e-01 8.749044999999999739e-01 8.730900000000000327e-01 8.724747999999999948e-01 8.716625000000000068e-01 8.702301000000000064e-01
1.419042220565882417e+03 8.781550000000000189e-01 8.740571000000000312e-01 8.724642000000000230e-01 8.719951999999999703e-01 8.710837000000000163e-01 8.695585999999999594e-01
1.427014367872432331e+03 8.767483999999999833e-01 8.731276999999999511e-01 8.717935999999999463e-01 8.714800000000000324e-01 8.705140000000000100e-01 8.688582000000000249e-01
1.434986515178982245e+03 8.752054999999999696e-01 8.721925999999999846e-01 8.712685999999999487e-01 8.709715000000000096e-01 8.699130000000000473e-01 8.681083000000000549e-01
1.442958662485532159e+03 8.735462999999999978e-01 8.713237000000000343e-01 8.708223999999999965e-01 8.704825000000000479e-01 8.692421999999999649e-01 8.673212000000000144e-01
1.450930809792082073e+03 8.718428999999999762e-01 8.706148999999999694e-01 8.703937999999999953e-01 8.699166000000000398e-01 8.685199000000000114e-01 8.664965000000000028e-01
1.458902957098631987e+03 8.704307000000000016e-01 8.701541999999999888e-01 8.699807000000000512e-01 8.692535000000000123e-01 8.677521999999999736e-01 8.656025000000000524e-01
1.466875104405181901e+03 8.692967999999999806e-01 8.698006999999999822e-01 8.696199999999999486e-01 8.687129000000000101e-01 8.669791999999999499e-01 8.646817999999999449e-01
1.474847251711731815e+03 8.687314000000000425e-01 8.696943999999999786e-01 8.692609999999999504e-01 8.681748000000000243e-01 8.661400000000000210e-01 8.637108000000000008e-01
1.482819399018281729e+03 8.688540000000000152e-01 8.698190000000000088e-01 8.689101999999999659e-01 8.675524999999999487e-01 8.653030999999999917e-01 8.626876999999999462e-01
1.490791546324831643e+03 8.692511000000000543e-01 8.699590999999999852e-01 8.685123999999999622e-01 8.668493000000000448e-01 8.644226000000000409e-01 8.615745000000000209e-01
1.498763693631381557e+03 8.699995999999999841e-01 8.701273999999999953e-01 8.681482999999999839e-01 8.659746999999999861e-01 8.633151000000000019e-01 8.604678000000000049e-01
1.506735840937931471e+03 8.706802000000000152e-01 8.701891000000000487e-01 8.676745000000000152e-01 8.650552999999999715e-01 8.622210999999999625e-01 8.592982999999999594e-01
1.514707988244481385e+03 8.712632999999999628e-01 8.701775999999999955e-01 8.671033000000000213e-01 8.640748000000000317e-01 8.611246999999999652e-01 8.580200999999999523e-01
1.522680135551031299e+03 8.717103999999999964e-01 8.700088000000000266e-01 8.663849000000000133e-01 8.630257000000000067e-01 8.599584000000000117e-01 8.567318999999999907e-01
1.530652282857581213e+03 8.719940000000000468e-01 8.694376000000000326e-01 8.653785000000000505e-01 8.619065000000000198e-01 8.586475999999999553e-01 8.553751000000000548e-01
1.538624430164130899e+03 8.719953999999999761e-01 8.686897999999999564e-01 8.642358999999999458e-01 8.605968999999999980e-01 8.573157000000000139e-01 8.538761999999999741e-01
1.546596577470680813e+03 8.716747999999999719e-01 8.675766000000000311e-01 8.629088000000000314e-01 8.591874000000000455e-01 8.559050000000000269e-01 8.523133000000000514e-01
1.554568724777230727e+03 8.709236999999999673e-01 8.661520999999999804e-01 8.613937000000000399e-01 8.577046999999999866e-01 8.543511999999999773e-01 8.507156999999999636e-01
1.562540872083780641e+03 8.695247999999999866e-01 8.643241000000000396e-01 8.598084999999999756e-01 8.561318999999999457e-01 8.527417999999999942e-01 8.490649000000000113e-01
1.570513019390330555e+03 8.673091000000000550e-01 8.621155000000000346e-01 8.579717000000000038e-01 8.543979999999999908e-01 8.510885999999999729e-01 8.473589000000000260e-01
1.578485166696880469e+03 8.640446000000000515e-01 8.596899000000000068e-01 8.559466000000000019e-01 8.525593999999999673e-01 8.493138000000000076e-01 8.455589000000000022e-01
1.586457314003430383e+03 8.601252000000000342e-01 8.570630000000000193e-01 8.538715999999999529e-01 8.506863000000000063e-01 8.474336999999999565e-01 8.437046999999999741e-01
1.594429461309980297e+03 8.558409000000000155e-01 8.542699000000000265e-01 8.517597000000000085e-01 8.487348000000000114e-01 8.455021999999999816e-01 8.417755999999999572e-01
1.602401608616530211e+03 8.516278999999999932e-01 8.515192000000000316e-01 8.495498999999999690e-01 8.466941000000000050e-01 8.434924000000000310e-01 8.397289999999999477e-01
1.610373755923080125e+03 8.478862999999999817e-01 8.487578999999999541e-01 8.472334999999999727e-01 8.445778000000000452e-01 8.413956000000000213e-01 8.376227000000000533e-01
1.618345903229630039e+03 8.447554999999999925e-01 8.459910999999999959e-01 8.450037000000000242e-01 8.423945999999999934e-01 8.392507000000000161e-01 8.354606999999999450e-01
1.626318050536179953e+03 8.424015000000000253e-01 8.433981999999999868e-01 8.426487000000000283e-01 8.400577999999999657e-01 8.370427999999999757e-01 8.332125000000000226e-01
1.634290197842729867e+03 8.403363999999999834e-01 8.408902000000000321e-01 8.401081000000000243e-01 8.377010999999999763e-01 8.347818999999999656e-01 8.308906999999999821e-01
1.642262345149279781e+03 8.380511999999999961e-01 8.382825999999999889e-01 8.376506999999999703e-01 8.353152999999999828e-01 8.324582999999999844e-01 8.285263999999999962e-01
1.650234492455829695e+03 8.353336000000000094e-01 8.356360999999999928e-01 8.351644000000000290e-01 8.329431999999999947e-01 8.300397999999999943e-01 8.260659999999999670e-01
1.658206639762379609e+03 8.322979999999999823e-01 8.331321999999999894e-01 8.325481999999999605e-01 8.305428000000000255e-01 8.275438000000000516e-01 8.234962999999999589e-01
1.666178787068929523e+03 8.289126999999999468e-01 8.305879999999999930e-01 8.299166000000000043e-01 8.280091000000000534e-01 8.249406999999999712e-01 8.208573999999999593e-01
1.674150934375479437e+03 8.253738000000000463e-01 8.278617000000000337e-01 8.273975000000000080e-01 8.254903999999999575e-01 8.223272000000000359e-01 8.181610000000000271e-01
1.682123081682029124e+03 8.222521999999999887e-01 8.251981000000000455e-01 8.247489999999999544e-01 8.227577000000000362e-01 8.196164999999999701e-01 8.153955999999999982e-01
1.690095228988579038e+03 8.194048999999999916e-01 8.226170999999999900e-01 8.221914999999999640e-01 8.200279999999999792e-01 8.168609000000000009e-01 8.124905999999999517e-01
1.698067376295128952e+03 8.171448000000000045e-01 8.200912999999999675e-01 8.196103000000000138e-01 8.172298000000000062e-01 8.140728000000000408e-01 8.095240999999999687e-01
1.706039523601678866e+03 8.155204000000000342e-01 8.176820000000000199e-01 8.170298000000000282e-01 8.143751000000000184e-01 8.111429999999999474e-01 8.064457999999999904e-01
1.714011670908228780e+03 8.143093000000000137e-01 8.152601999999999904e-01 8.142414999999999514e-01 8.113730999999999582e-01 8.081150999999999751e-01 8.032635000000000192e-01
1.721983818214778694e+03 8.129939000000000471e-01 8.128370000000000317e-01 8.113540000000000196e-01 8.083552000000000515e-01 8.050135999999999958e-01 7.999874000000000152e-01
1.729955965521328608e+03 8.112591999999999581e-01 8.102831999999999812e-01 8.083491000000000426e-01 8.052844999999999587e-01 8.018091999999999997e-01 7.966033999999999615e-01
1.737928112827878522e+03 8.090150000000000396e-01 8.074797000000000224e-01 8.052059999999999773e-01 8.021534999999999638e-01 7.984845000000000415e-01 7.931194999999999773e-01
1.745900260134428436e+03 8.060652999999999846e-01 8.044905999999999446e-01 8.019969000000000126e-01 7.989176000000000055e-01 7.950952000000000019e-01 7.894993000000000150e-01
1.753872407440978350e+03 8.023211999999999566e-01 8.011494000000000115e-01 7.986775999999999875e-01 7.955451000000000050e-01 7.915786000000000211e-01 7.857178999999999691e-01
1.761844554747528264e+03 7.979026999999999648e-01 7.974968000000000057e-01 7.951645999999999992e-01 7.919713999999999920e-01 7.878530000000000255e-01 7.817387000000000086e-01
1.769816702054078178e+03 7.933282999999999863e-01 7.938235000000000152e-01 7.915453000000000072e-01 7.883073000000000441e-01 7.840532999999999531e-01 7.776478999999999475e-01
1.777788849360628092e+03 7.888452999999999715e-01 7.900319999999999565e-01 7.878203000000000289e-01 7.845657000000000325e-01 7.801677000000000195e-01 7.734452000000000549e-01
1.785760996667178006e+03 7.846551000000000498e-01 7.860188000000000175e-01 7.839125999999999594e-01 7.807323000000000457e-01 7.761419000000000512e-01 7.690542999999999685e-01
1.793733143973727920e+03 7.811363999999999530e-01 7.820437999999999557e-01 7.798985000000000500e-01 7.767138999999999571e-01 7.718831000000000442e-01 7.645032000000000494e-01
1.801705291280277834e+03 7.780603999999999854e-01 7.781489000000000322e-01 7.758055999999999841e-01 7.725764000000000520e-01 7.675009000000000414e-01 7.597911999999999999e-01
1.809677438586827748e+03 7.753472999999999615e-01 7.740725999999999996e-01 7.715982999999999592e-01 7.682883000000000351e-01 7.629536000000000096e-01 7.548633999999999622e-01
1.817649585893377662e+03 7.725176999999999738e-01 7.700112000000000068e-01 7.673746000000000178e-01 7.637755000000000516e-01 7.582531000000000132e-01 7.496960999999999764e-01
1.825621733199927348e+03 7.693809999999999816e-01 7.657654000000000405e-01 7.629550999999999972e-01 7.592286999999999786e-01 7.534326000000000079e-01 7.443530999999999898e-01
1.833593880506477262e+03 7.654522999999999744e-01 7.614594000000000085e-01 7.584083999999999826e-01 7.543980000000000130e-01 7.483773999999999704e-01 7.387046999999999919e-01
1.841566027813027176e+03 7.605998000000000481e-01 7.569346999999999603e-01 7.537741999999999498e-01 7.494254999999999667e-01 7.431423999999999808e-01 7.327671000000000046e-01
1.849538175119577090e+03 7.551995000000000235e-01 7.522501000000000326e-01 7.489470999999999767e-01 7.444117999999999569e-01 7.377272000000000274e-01 7.266112999999999600e-01
1.857510322426127004e+03 7.494555999999999996e-01 7.475271999999999473e-01 7.441638000000000419e-01 7.392054999999999598e-01 7.320896999999999544e-01 7.201809000000000127e-01
1.865482469732676918e+03 7.439413999999999749e-01 7.427344999999999642e-01 7.390358000000000205e-01 7.337443999999999633e-01 7.261668000000000012e-01 7.133355000000000112e-01
1.873454617039226832e+03 7.389677000000000051e-01 7.379172000000000509e-01 7.337458999999999509e-01 7.281081000000000358e-01 7.199796000000000529e-01 7.062011999999999734e-01
1.881426764345776746e+03 7.346112000000000197e-01 7.329533999999999772e-01 7.283049999999999802e-01 7.222665000000000335e-01 7.136073000000000555e-01 6.987742000000000120e-01
1.889398911652326660e+03 7.304410999999999543e-01 7.278683000000000236e-01 7.226470000000000393e-01 7.161583999999999728e-01 7.069651000000000129e-01 6.909535999999999456e-01
1.897371058958876574e+03 7.262016000000000027e-01 7.228518999999999917e-01 7.167227000000000459e-01 7.097862999999999811e-01 6.999636000000000191e-01 6.827524999999999844e-01
1.905343206265426488e+03 7.217236000000000207e-01 7.174846000000000279e-01 7.105812999999999713e-01 7.031964000000000548e-01 6.926105000000000178e-01 6.742333000000000354e-01
1.913315353571976402e+03 7.166683999999999832e-01 7.115171000000000134e-01 7.041808999999999985e-01 6.962749000000000299e-01 6.848897000000000457e-01 6.653149999999999897e-01
1.921287500878526316e+03 7.109168000000000154e-01 7.049870999999999777e-01 6.973772999999999778e-01 6.890076000000000533e-01 6.767058000000000240e-01 6.559460000000000290e-01
1.929259648185076230e+03 7.043821999999999584e-01 6.980159999999999698e-01 6.902582999999999913e-01 6.815297000000000160e-01 6.681548000000000487e-01 6.462841999999999754e-01
1.937231795491626144e+03 6.968254999999999866e-01 6.905951000000000173e-01 6.829241000000000339e-01 6.737604000000000370e-01 6.592354000000000269e-01 6.363191000000000264e-01
1.945203942798176058e+03 6.882207999999999659e-01 6.826328000000000396e-01 6.752304999999999557e-01 6.655026000000000552e-01 6.496712999999999516e-01 6.258692000000000144e-01
1.953176090104725972e+03 6.788129999999999997e-01 6.742903999999999565e-01 6.671570000000000000e-01 6.569000999999999868e-01 6.396781000000000272e-01 6.151238999999999457e-01
1.961148237411275886e+03 6.687309000000000170e-01 6.656712000000000184e-01 6.588150000000000395e-01 6.479466000000000392e-01 6.292292000000000440e-01 6.041271999999999753e-01
1.969120384717825573e+03 6.581700000000000328e-01 6.566395999999999900e-01 6.500321999999999489e-01 6.384923999999999600e-01 6.181322999999999679e-01 5.927078000000000069e-01
1.977092532024375487e+03 6.474183999999999495e-01 6.473468999999999474e-01 6.409027999999999947e-01 6.286325999999999858e-01 6.065496000000000221e-01 5.810511999999999899e-01
1.985064679330925401e+03 6.367247000000000323e-01 6.379818999999999907e-01 6.314592999999999456e-01 6.182830999999999744e-01 5.945835999999999899e-01 5.692445000000000421e-01
1.993036826637475315e+03 6.266184999999999672e-01 6.284037000000000095e-01 6.216789999999999816e-01 6.072319999999999940e-01 5.819995999999999503e-01 5.571916999999999565e-01
2.001008973944025229e+03 6.172170999999999630e-01 6.188829999999999609e-01 6.115827999999999820e-01 5.953905000000000447e-01 5.687866000000000311e-01 5.449836000000000125e-01
2.008981121250575143e+03 6.086344999999999672e-01 6.093005000000000226e-01 6.011347999999999692e-01 5.829678999999999833e-01 5.552489000000000452e-01 5.327245999999999926e-01
2.016953268557125057e+03 6.005325000000000246e-01 5.996302999999999495e-01 5.902169000000000443e-01 5.698708999999999580e-01 5.413118999999999570e-01 5.203864999999999741e-01
2.024925415863674971e+03 5.926371000000000278e-01 5.897095999999999449e-01 5.786436999999999831e-01 5.558469999999999800e-01 5.268935000000000146e-01 5.080540000000000056e-01
2.032897563170224885e+03 5.844757999999999898e-01 5.795658999999999672e-01 5.665537000000000489e-01 5.412474999999999925e-01 5.121852999999999545e-01 4.957820000000000005e-01
2.040869710476774799e+03 5.758180999999999994e-01 5.691028000000000198e-01 5.538897999999999877e-01 5.259928000000000381e-01 4.972593000000000152e-01 4.835566000000000031e-01
2.048841857783324485e+03 5.659636999999999585e-01 5.577885999999999678e-01 5.401097999999999733e-01 5.095986999999999600e-01 4.820095999999999825e-01 4.714861000000000191e-01
2.056814005089874627e+03 5.550869999999999971e-01 5.457952999999999832e-01 5.255906999999999663e-01 4.925756000000000023e-01 4.666600000000000192e-01 4.596497999999999973e-01
2.064786152396424313e+03 5.432867000000000113e-01 5.332428999999999641e-01 5.102904999999999802e-01 4.750140999999999947e-01 4.512918000000000207e-01 4.480360999999999927e-01
2.072758299702974455e+03 5.302580999999999545e-01 5.197407000000000554e-01 4.935749999999999860e-01 4.566546000000000216e-01 4.359566000000000274e-01 4.367317000000000005e-01
2.080730447009524141e+03 5.162655000000000438e-01 5.052706000000000142e-01 4.756658000000000275e-01 4.377745000000000108e-01 4.207425000000000193e-01 4.257615000000000149e-01
2.088702594316074283e+03 5.017207000000000194e-01 4.900847999999999871e-01 4.567345999999999906e-01 4.186264000000000096e-01 4.056918999999999942e-01 4.151351999999999820e-01
2.096674741622623969e+03 4.865204000000000195e-01 4.738854000000000122e-01 4.363636000000000181e-01 3.992317000000000227e-01 3.909223000000000003e-01 4.049936000000000091e-01
2.104646888929174111e+03 4.704265000000000252e-01 4.563213999999999881e-01 4.144946999999999937e-01 3.796975000000000211e-01 3.765550999999999759e-01 3.954564999999999886e-01
2.112619036235723797e+03 4.538227000000000233e-01 4.377538999999999736e-01 3.917491000000000168e-01 3.602639000000000258e-01 3.625887999999999889e-01 3.864731000000000138e-01
2.120591183542273939e+03 4.367237999999999953e-01 4.179093999999999864e-01 3.681279000000000079e-01 3.410091000000000094e-01 3.491351999999999789e-01 3.781304999999999805e-01
2.128563330848823625e+03 4.182062999999999753e-01 3.956555999999999962e-01 3.433153999999999928e-01 3.220982000000000012e-01 3.364514000000000116e-01 3.706868999999999859e-01
2.136535478155373767e+03 3.985585999999999851e-01 3.716455000000000175e-01 3.180559000000000025e-01 3.036507999999999985e-01 3.244213000000000235e-01 3.638946000000000125e-01
2.144507625461923453e+03 3.775198000000000165e-01 3.458469000000000126e-01 2.925582999999999934e-01 2.858724999999999739e-01 3.131456000000000239e-01 3.578203999999999829e-01
2.152479772768473595e+03 3.539254000000000011e-01 3.165916999999999759e-01 2.667964999999999920e-01 2.690828000000000109e-01 3.031251999999999835e-01 3.529283999999999755e-01
2.160451920075023281e+03 3.282463999999999937e-01 2.851397999999999988e-01 2.413443000000000116e-01 2.532314999999999983e-01 2.941147000000000067e-01 3.489269999999999872e-01
2.168424067381573423e+03 3.006294999999999940e-01 2.518467999999999818e-01 2.163342000000000043e-01 2.383910999999999947e-01 2.860974000000000017e-01 3.457269000000000037e-01
2.176396214688123109e+03 2.693954000000000071e-01 2.160084999999999922e-01 1.922419999999999962e-01 2.250469999999999970e-01 2.795487999999999862e-01 3.438042000000000042e-01
2.184368361994673251e+03 2.343351999999999935e-01 1.786580999999999864e-01 1.693978999999999902e-01 2.133657999999999944e-01 2.744890999999999859e-01 3.431181999999999843e-01
2.192340509301222937e+03 1.963503000000000054e-01 1.410270000000000135e-01 1.479472000000000009e-01 2.032494999999999996e-01 2.707004000000000077e-01 3.434189000000000269e-01
2.200312656607772624e+03 1.537229999999999985e-01 1.033956000000000042e-01 1.284629999999999939e-01 1.950716000000000117e-01 2.685043999999999764e-01 3.450018999999999725e-01
2.208284803914322765e+03 1.052608000000000016e-01 6.641742999999999952e-02 1.116879999999999956e-01 1.894004999999999994e-01 2.682972000000000135e-01 3.481365000000000154e-01
2.216256951220872452e+03 5.392086000000000101e-02 3.126372000000000179e-02 9.722819000000000600e-02 1.856279000000000123e-01 2.695680999999999772e-01 3.523993999999999738e-01
2.224229098527422593e+03 3.960305000000000227e-04 -1.570954999999999964e-03 8.542479999999999518e-02 1.839377000000000095e-01 2.724618999999999791e-01 3.578570999999999835e-01
2.232201245833972280e+03 -5.536353000000000107e-02 -2.962831999999999966e-02 7.843814000000000342e-02 1.858225000000000016e-01 2.780080999999999802e-01 3.652437000000000045e-01
2.240173393140522421e+03 -1.093546999999999991e-01 -5.341147999999999729e-02 7.478037999999999352e-02 1.900584999999999913e-01 2.852629999999999888e-01 3.738722999999999907e-01
2.248145540447072108e+03 -1.598051000000000055e-01 -7.224848999999999855e-02 7.459672000000000525e-02 1.966962999999999906e-01 2.942658000000000218e-01 3.837745000000000184e-01
2.256117687753622249e+03 -2.012231999999999910e-01 -8.212569000000000119e-02 8.023871999999999949e-02 2.071249000000000007e-01 3.059745999999999855e-01 3.955909000000000231e-01
2.264089835060171936e+03 -2.318186999999999887e-01 -8.397190999999999683e-02 9.073792999999999442e-02 2.206564000000000025e-01 3.198512000000000022e-01 4.089499999999999802e-01
2.272061982366722077e+03 -2.503452999999999928e-01 -7.802515999999999619e-02 1.056292999999999954e-01 2.370034000000000030e-01 3.356720999999999733e-01 4.237105999999999928e-01
2.280034129673271764e+03 -2.493702999999999892e-01 -6.077670000000000294e-02 1.265361999999999876e-01 2.570365000000000011e-01 3.540491000000000055e-01 4.402557000000000276e-01
2.288006276979821905e+03 -2.254719000000000029e-01 -3.119896999999999948e-02 1.538181000000000132e-01 2.809248999999999774e-01 3.750487000000000126e-01 4.585860999999999965e-01
2.295978424286371592e+03 -1.821069999999999911e-01 8.371870000000000006e-03 1.862483000000000055e-01 3.079861999999999878e-01 3.981466000000000172e-01 4.783633999999999942e-01
2.303950571592921733e+03 -1.149378000000000066e-01 5.976921999999999791e-02 2.245986000000000093e-01 3.385448999999999820e-01 4.236190000000000233e-01 4.997659999999999880e-01
2.311922718899471420e+03 -1.599497000000000071e-02 1.265995000000000037e-01 2.704551000000000038e-01 3.734680000000000222e-01 4.520577000000000067e-01 5.231732999999999523e-01
2.319894866206021561e+03 1.073737000000000025e-01 2.050490000000000090e-01 3.220511999999999819e-01 4.116852999999999763e-01 4.827001000000000208e-01 5.481160000000000476e-01
2.327867013512571248e+03 2.574765999999999999e-01 2.959972000000000159e-01 3.795700000000000185e-01 4.533177999999999930e-01 5.155503000000000169e-01 5.746206999999999843e-01
2.335839160819120934e+03 4.345901999999999821e-01 4.013519999999999865e-01 4.443629000000000051e-01 4.993890999999999747e-01 5.514504000000000072e-01 6.031347000000000236e-01
2.343811308125671076e+03 6.365205000000000446e-01 5.191451999999999734e-01 5.151151000000000479e-01 5.489532000000000300e-01 5.896841000000000443e-01 6.332181000000000060e-01
2.351783455432220762e+03 8.649322999999999873e-01 6.497439000000000409e-01 5.919723000000000068e-01 6.020820999999999534e-01 6.301767000000000341e-01 6.649100999999999484e-01
2.359755602738770904e+03 1.103760000000000074e+00 7.904191000000000411e-01 6.746820999999999513e-01 6.589867999999999837e-01 6.732076000000000171e-01 6.983553999999999595e-01
2.367727750045320590e+03 1.349996999999999892e+00 9.405656000000000017e-01 7.629643000000000397e-01 7.193443999999999949e-01 7.186135999999999635e-01 7.334138000000000046e-01
2.375699897351870732e+03 1.606821999999999973e+00 1.101507999999999932e+00 8.570480999999999794e-01 7.830656000000000283e-01 7.663202000000000069e-01 7.700709999999999500e-01
2.383672044658420418e+03 1.851290000000000102e+00 1.268237999999999976e+00 9.558366999999999836e-01 8.500033000000000172e-01 8.162452999999999514e-01 8.083540999999999643e-01
2.391644191964970560e+03 2.056268000000000207e+00 1.433985000000000065e+00 1.057817999999999925e+00 9.196826999999999641e-01 8.683201999999999865e-01 8.481655999999999640e-01
2.399616339271520246e+03 2.236073000000000199e+00 1.604119999999999990e+00 1.164435000000000109e+00 9.925104999999999622e-01 9.226094000000000239e-01 8.894693000000000183e-01
2.407588486578070388e+03 2.377552000000000110e+00 1.774575000000000014e+00 1.274934000000000012e+00 1.068340999999999985e+00 9.789927000000000490e-01 9.322673000000000210e-01
2.415560633884620074e+03 2.452144000000000101e+00 1.925456000000000056e+00 1.383947999999999956e+00 1.145305000000000017e+00 1.036675000000000013e+00 9.763015999999999917e-01
2.423532781191170216e+03 2.496131000000000100e+00 2.068820000000000103e+00 1.495459000000000094e+00 1.224839999999999929e+00 1.096279000000000003e+00 1.021748000000000101e+00
2.431504928497719902e+03 2.516761999999999944e+00 2.200772999999999868e+00 1.608977000000000102e+00 1.306901000000000090e+00 1.157837000000000005e+00 1.068618000000000068e+00
2.439477075804270044e+03 2.518759000000000192e+00 2.300664999999999960e+00 1.717097000000000095e+00 1.388684999999999947e+00 1.219999999999999973e+00 1.116403000000000034e+00
2.447449223110819730e+03 2.515997000000000039e+00 2.379256999999999955e+00 1.823282000000000069e+00 1.471705000000000041e+00 1.283490000000000020e+00 1.165367000000000042e+00
2.455421370417369872e+03 2.512414000000000147e+00 2.438851000000000102e+00 1.927923000000000053e+00 1.556334000000000106e+00 1.348516000000000048e+00 1.215532999999999975e+00
2.463393517723919558e+03 2.509581999999999979e+00 2.474982999999999933e+00 2.024977999999999945e+00 1.639904000000000028e+00 1.413818000000000019e+00 1.266300999999999899e+00
2.471365665030469700e+03 2.507880999999999805e+00 2.494073999999999902e+00 2.113824000000000147e+00 1.722385999999999973e+00 1.479306000000000010e+00 1.317706000000000044e+00
2.479337812337019386e+03 2.507076000000000082e+00 2.505402999999999825e+00 2.197071000000000218e+00 1.805069000000000035e+00 1.545754999999999990e+00 1.370128999999999930e+00
2.487309959643569073e+03 2.507578999999999780e+00 2.511085000000000012e+00 2.271828000000000181e+00 1.886174000000000017e+00 1.612395000000000023e+00 1.423137000000000096e+00
2.495282106950119214e+03 2.509300000000000086e+00 2.513220000000000010e+00 2.332110000000000127e+00 1.962579000000000073e+00 1.677713000000000010e+00 1.475953000000000070e+00
2.503254254256668901e+03 2.512300999999999895e+00 2.514397000000000215e+00 2.384545000000000137e+00 2.037478000000000122e+00 1.743197000000000108e+00 1.529403999999999986e+00
2.511226401563219042e+03 2.516757999999999829e+00 2.515868999999999911e+00 2.428398000000000057e+00 2.110120000000000218e+00 1.808845999999999954e+00 1.583560999999999996e+00
2.519198548869768729e+03 2.521272999999999875e+00 2.517256000000000160e+00 2.458038000000000167e+00 2.174802000000000124e+00 1.871318000000000037e+00 1.636506999999999934e+00
2.527170696176318870e+03 2.524791000000000007e+00 2.519012000000000029e+00 2.481249000000000038e+00 2.235914000000000179e+00 1.933294999999999986e+00 1.689805000000000001e+00
2.535142843482868557e+03 2.526936000000000071e+00 2.520519999999999872e+00 2.499054999999999804e+00 2.293006000000000100e+00 1.994588999999999945e+00 1.743454000000000059e+00
2.543114990789418698e+03 2.527212000000000014e+00 2.522356999999999960e+00 2.510105999999999948e+00 2.341403999999999819e+00 2.052392000000000216e+00 1.795832000000000095e+00
2.551087138095968385e+03 2.526606999999999825e+00 2.524112999999999829e+00 2.517530999999999963e+00 2.383503999999999845e+00 2.107871999999999968e+00 1.847610999999999892e+00
2.559059285402518526e+03 2.525551999999999797e+00 2.525608000000000075e+00 2.523000000000000131e+00 2.420716000000000090e+00 2.161859000000000197e+00 1.899272999999999989e+00
2.567031432709068213e+03 2.525297000000000125e+00 2.527149999999999785e+00 2.526768000000000125e+00 2.451280000000000125e+00 2.212470999999999854e+00 1.949746999999999897e+00
2.575003580015618354e+03 2.526383000000000045e+00 2.529063999999999979e+00 2.529403999999999986e+00 2.475124000000000102e+00 2.258955999999999964e+00 1.998555999999999999e+00
2.582975727322168041e+03 2.529020000000000046e+00 2.531260000000000066e+00 2.531709000000000209e+00 2.494781999999999833e+00 2.302954000000000168e+00 2.046771999999999814e+00
2.590947874628718182e+03 2.533319999999999794e+00 2.533834000000000142e+00 2.534040000000000070e+00 2.510412999999999784e+00 2.343662000000000134e+00 2.093872999999999873e+00
2.598920021935267869e+03 2.539093999999999962e+00 2.536875999999999909e+00 2.536464000000000052e+00 2.521269999999999900e+00 2.378712999999999855e+00 2.138125000000000053e+00
2.606892169241818010e+03 2.545615999999999879e+00 2.540143000000000040e+00 2.538914000000000115e+00 2.529838999999999949e+00 2.410838000000000036e+00 2.181357999999999908e+00
2.614864316548367697e+03 2.551698000000000022e+00 2.543334999999999901e+00 2.541316000000000130e+00 2.536659000000000219e+00 2.439966000000000079e+00 2.223367000000000093e+00
2.622836463854917838e+03 2.556607000000000074e+00 2.545987999999999918e+00 2.543753999999999849e+00 2.541439000000000004e+00 2.463480999999999810e+00 2.261820999999999859e+00
2.630808611161467525e+03 2.559485000000000010e+00 2.548595999999999862e+00 2.546368999999999883e+00 2.545282999999999962e+00 2.483896999999999800e+00 2.298382000000000147e+00
2.638780758468017211e+03 2.560404000000000124e+00 2.550975000000000215e+00 2.548916999999999877e+00 2.548169999999999824e+00 2.501688000000000134e+00 2.333305000000000184e+00
2.646752905774567353e+03 2.559657000000000071e+00 2.553351000000000148e+00 2.551391999999999882e+00 2.550421000000000049e+00 2.515715000000000146e+00 2.364930000000000199e+00
2.654725053081117039e+03 2.558129000000000097e+00 2.555708999999999786e+00 2.554038999999999948e+00 2.552579000000000153e+00 2.527000999999999831e+00 2.393819000000000141e+00
2.662697200387667181e+03 2.557195000000000107e+00 2.557662000000000102e+00 2.556471999999999856e+00 2.554647999999999808e+00 2.536398999999999848e+00 2.420605000000000118e+00
2.670669347694216867e+03 2.558022999999999936e+00 2.560395000000000199e+00 2.558704999999999785e+00 2.556661000000000072e+00 2.543890000000000207e+00 2.444627999999999801e+00
2.678641495000767009e+03 2.560311000000000003e+00 2.563066000000000066e+00 2.560855999999999799e+00 2.558648999999999951e+00 2.549431999999999920e+00 2.465305999999999997e+00
2.686613642307316695e+03 2.564102999999999799e+00 2.565564000000000178e+00 2.562968999999999831e+00 2.560455000000000148e+00 2.553926999999999836e+00 2.484049000000000174e+00
2.694585789613866837e+03 2.569383000000000195e+00 2.568680000000000074e+00 2.564953000000000038e+00 2.562216999999999967e+00 2.557674000000000003e+00 2.500745000000000218e+00
2.702557936920416523e+03 2.574784999999999879e+00 2.571299999999999919e+00 2.566631000000000107e+00 2.563854000000000077e+00 2.560436999999999852e+00 2.514135000000000009e+00
2.710530084226966665e+03 2.580020999999999898e+00 2.573271999999999782e+00 2.568372000000000099e+00 2.565332999999999863e+00 2.562752999999999837e+00 2.525980000000000114e+00
2.718502231533516351e+03 2.584271000000000207e+00 2.574793000000000109e+00 2.569882999999999917e+00 2.566794999999999938e+00 2.564696999999999782e+00 2.536287000000000180e+00
2.726474378840066493e+03 2.586759999999999948e+00 2.575931999999999888e+00 2.571177000000000046e+00 2.568217999999999890e+00 2.566269999999999829e+00 2.544385999999999814e+00
2.734446526146616179e+03 2.587346999999999841e+00 2.576725000000000154e+00 2.572362000000000037e+00 2.569561999999999902e+00 2.567649999999999988e+00 2.551117000000000079e+00
2.742418673453166321e+03 2.586203999999999947e+00 2.576966999999999786e+00 2.573325000000000085e+00 2.570940999999999921e+00 2.568956000000000017e+00 2.556875999999999927e+00
2.750390820759716007e+03 2.583740999999999843e+00 2.576843000000000217e+00 2.574085999999999874e+00 2.572261999999999826e+00 2.570228999999999875e+00 2.561517999999999962e+00
2.758362968066266149e+03 2.580480000000000107e+00 2.576477999999999824e+00 2.574771000000000143e+00 2.573434999999999917e+00 2.571461999999999914e+00 2.565173000000000147e+00
2.766335115372815835e+03 2.577062000000000186e+00 2.576111000000000040e+00 2.575473000000000123e+00 2.574590000000000156e+00 2.572703999999999880e+00 2.568236000000000185e+00
2.774307262679365522e+03 2.574368000000000212e+00 2.576140999999999792e+00 2.576386999999999983e+00 2.575731999999999911e+00 2.573888999999999871e+00 2.570758999999999794e+00
2.782279409985915663e+03 2.573065999999999853e+00 2.576449999999999907e+00 2.577541000000000082e+00 2.576751999999999931e+00 2.574980000000000047e+00 2.572639000000000120e+00
2.790251557292465350e+03 2.573382000000000058e+00 2.577102000000000004e+00 2.578625999999999863e+00 2.577713000000000143e+00 2.576191999999999815e+00 2.574243000000000059e+00
2.798223704599015491e+03 2.575521000000000171e+00 2.578170000000000073e+00 2.579774000000000012e+00 2.578634999999999788e+00 2.577353000000000005e+00 2.575651999999999830e+00
2.806195851905565178e+03 2.579028999999999794e+00 2.579686000000000146e+00 2.580851000000000006e+00 2.579562999999999828e+00 2.578368999999999911e+00 2.576760999999999857e+00
2.814167999212115319e+03 2.582882000000000122e+00 2.581621999999999861e+00 2.581859000000000126e+00 2.580702000000000051e+00 2.579420999999999964e+00 2.577787999999999968e+00
2.822140146518665006e+03 2.586501000000000161e+00 2.583727000000000107e+00 2.582929000000000030e+00 2.581564999999999888e+00 2.580365000000000020e+00 2.578797999999999924e+00
2.830112293825215147e+03 2.589332000000000189e+00 2.585659000000000152e+00 2.583874999999999922e+00 2.582415999999999823e+00 2.581174999999999997e+00 2.579857000000000067e+00
2.838084441131764834e+03 2.591267999999999905e+00 2.587215000000000042e+00 2.584624999999999950e+00 2.583288000000000029e+00 2.581980000000000164e+00 2.580802999999999958e+00
2.846056588438314975e+03 2.591644000000000059e+00 2.588086999999999804e+00 2.585322999999999816e+00 2.583940000000000126e+00 2.582697000000000020e+00 2.581653000000000198e+00
2.854028735744864662e+03 2.590193999999999885e+00 2.588176999999999950e+00 2.585681000000000118e+00 2.584706000000000170e+00 2.583499999999999908e+00 2.582545999999999786e+00
2.862000883051414803e+03 2.587581999999999827e+00 2.587807999999999886e+00 2.586024999999999796e+00 2.585341999999999807e+00 2.584292000000000034e+00 2.583390000000000075e+00
2.869973030357964490e+03 2.583871999999999947e+00 2.586698000000000164e+00 2.586342999999999837e+00 2.585716999999999821e+00 2.585024000000000211e+00 2.584143000000000079e+00
2.877945177664514631e+03 2.579722999999999988e+00 2.585214000000000123e+00 2.586393999999999860e+00 2.586066000000000198e+00 2.585653000000000201e+00 2.584877999999999787e+00
2.885917324971064318e+03 2.575906999999999947e+00 2.583642999999999912e+00 2.586294999999999789e+00 2.586396000000000139e+00 2.586143999999999998e+00 2.585596999999999923e+00
2.893889472277614459e+03 2.572344999999999882e+00 2.581497999999999848e+00 2.585976000000000052e+00 2.586663999999999852e+00 2.586679000000000173e+00 2.586371999999999893e+00
2.901861619584164146e+03 2.569306999999999785e+00 2.579401999999999973e+00 2.585679999999999978e+00 2.586946999999999885e+00 2.587207999999999952e+00 2.587178000000000200e+00
2.909833766890714287e+03 2.567295999999999800e+00 2.578126000000000140e+00 2.585396999999999945e+00 2.587277999999999967e+00 2.587628000000000039e+00 2.587944999999999940e+00
2.917805914197263974e+03 2.565910000000000135e+00 2.577262000000000164e+00 2.585132999999999903e+00 2.587479999999999780e+00 2.587985000000000202e+00 2.588661000000000101e+00
2.925778061503813660e+03 2.565065999999999846e+00 2.576582999999999846e+00 2.584934000000000065e+00 2.587470000000000159e+00 2.588410000000000100e+00 2.589357999999999826e+00
2.933750208810363802e+03 2.565440999999999860e+00 2.576290000000000191e+00 2.584788000000000086e+00 2.587549000000000099e+00 2.588919999999999888e+00 2.590092999999999979e+00
2.941722356116913488e+03 2.566969999999999974e+00 2.576586999999999961e+00 2.584779999999999855e+00 2.587836999999999943e+00 2.589487999999999790e+00 2.590889000000000220e+00
2.949694503423463630e+03 2.569103000000000137e+00 2.577446000000000126e+00 2.584929999999999950e+00 2.588020999999999905e+00 2.590085000000000193e+00 2.591619999999999813e+00
2.957666650730013316e+03 2.572239999999999860e+00 2.578616999999999937e+00 2.585068000000000144e+00 2.588251000000000079e+00 2.590592000000000006e+00 2.592300999999999966e+00
2.965638798036563458e+03 2.576300999999999952e+00 2.580248999999999793e+00 2.585154000000000174e+00 2.588483000000000089e+00 2.591054999999999886e+00 2.593064000000000036e+00
2.973610945343113144e+03 2.580480000000000107e+00 2.581548000000000176e+00 2.585366000000000053e+00 2.588604000000000127e+00 2.591556999999999888e+00 2.593897000000000119e+00
2.981583092649663286e+03 2.584512000000000143e+00 2.583121999999999918e+00 2.585691999999999879e+00 2.588795999999999875e+00 2.592341999999999924e+00 2.594844000000000150e+00
2.989555239956212972e+03 2.587668999999999997e+00 2.584748999999999963e+00 2.586021999999999821e+00 2.589357999999999826e+00 2.593033000000000143e+00 2.595794000000000157e+00
2.997527387262763114e+03 2.589535999999999838e+00 2.585526999999999909e+00 2.586180999999999841e+00 2.589897999999999811e+00 2.593837000000000170e+00 2.596788000000000096e+00
3.005499534569312800e+03 2.590256999999999810e+00 2.585570000000000146e+00 2.586545000000000094e+00 2.590317999999999898e+00 2.594793000000000127e+00 2.597752999999999979e+00
3.013471681875862942e+03 2.589739999999999931e+00 2.585589999999999833e+00 2.586908999999999903e+00 2.590929000000000038e+00 2.595594000000000179e+00 2.598647000000000151e+00
3.021443829182412628e+03 2.588378000000000068e+00 2.585608000000000128e+00 2.587598999999999982e+00 2.591972000000000165e+00 2.596551999999999971e+00 2.599836999999999954e+00
3.029415976488962770e+03 2.586457999999999924e+00 2.585465999999999820e+00 2.588435000000000041e+00 2.592989000000000210e+00 2.597555999999999976e+00 2.600957999999999881e+00
3.037388123795512456e+03 2.585176999999999836e+00 2.585364999999999913e+00 2.589154000000000178e+00 2.594148000000000120e+00 2.598720000000000141e+00 2.602238999999999969e+00
3.045360271102062597e+03 2.584893000000000107e+00 2.585563000000000056e+00 2.589995000000000047e+00 2.595518999999999910e+00 2.599903999999999993e+00 2.603580000000000005e+00
3.053332418408612284e+03 2.585059000000000218e+00 2.586028000000000215e+00 2.591077999999999992e+00 2.596992999999999885e+00 2.601135999999999893e+00 2.604905000000000026e+00
3.061304565715162425e+03 2.585744000000000042e+00 2.587007999999999974e+00 2.592422000000000004e+00 2.598704000000000125e+00 2.602638999999999925e+00 2.606271000000000004e+00
3.069276713021712112e+03 2.586819000000000202e+00 2.588518000000000097e+00 2.594021000000000132e+00 2.600404999999999855e+00 2.604230999999999963e+00 2.607728999999999964e+00
3.077248860328261799e+03 2.588141999999999943e+00 2.590187999999999935e+00 2.595924999999999816e+00 2.602206999999999937e+00 2.605929999999999858e+00 2.609224999999999905e+00
3.085221007634811940e+03 2.589822999999999986e+00 2.592188999999999854e+00 2.598075000000000134e+00 2.604083000000000148e+00 2.607706999999999997e+00 2.610740999999999978e+00
3.093193154941361627e+03 2.592207000000000150e+00 2.595034000000000063e+00 2.600556999999999785e+00 2.605968999999999980e+00 2.609598999999999780e+00 2.612270999999999788e+00
3.101165302247911768e+03 2.595146999999999871e+00 2.598205999999999793e+00 2.603228000000000097e+00 2.608089999999999797e+00 2.611616000000000160e+00 2.613910999999999873e+00
3.109137449554461455e+03 2.598294999999999799e+00 2.601283000000000012e+00 2.605995000000000061e+00 2.610450000000000159e+00 2.613642000000000021e+00 2.615648999999999891e+00
3.117109596861011596e+03 2.601560999999999790e+00 2.604309000000000207e+00 2.608988999999999780e+00 2.612908000000000008e+00 2.615660000000000096e+00 2.617302000000000017e+00
3.125081744167561283e+03 2.604233999999999938e+00 2.607622000000000106e+00 2.611937999999999871e+00 2.615496999999999961e+00 2.617694000000000187e+00 2.619025000000000158e+00
3.133053891474111424e+03 2.606091000000000157e+00 2.610856000000000066e+00 2.615078000000000014e+00 2.618100000000000094e+00 2.619708000000000148e+00 2.620724000000000053e+00
3.141026038780661111e+03 2.607064999999999966e+00 2.614291999999999838e+00 2.618333999999999939e+00 2.620782000000000167e+00 2.621725999999999779e+00 2.622437000000000129e+00
3.148998186087211252e+03 2.607956000000000163e+00 2.617318000000000033e+00 2.621405999999999903e+00 2.623404999999999987e+00 2.623908000000000129e+00 2.624106999999999967e+00
3.156970333393760939e+03 2.609090999999999827e+00 2.620435000000000070e+00 2.624436999999999909e+00 2.625840999999999870e+00 2.625912000000000024e+00 2.625712000000000046e+00
3.164942480700311080e+03 2.610970000000000013e+00 2.623327999999999882e+00 2.627444000000000113e+00 2.628270000000000106e+00 2.627936000000000050e+00 2.627317000000000125e+00
3.172914628006860767e+03 2.614780000000000104e+00 2.626097000000000126e+00 2.630491000000000135e+00 2.630758000000000152e+00 2.629951999999999845e+00 2.628781000000000034e+00
3.180886775313410908e+03 2.620012000000000008e+00 2.629086000000000034e+00 2.633420999999999790e+00 2.632801999999999865e+00 2.631845999999999908e+00 2.630269000000000190e+00
3.188858922619960595e+03 2.625500999999999863e+00 2.631936000000000053e+00 2.636032000000000153e+00 2.634902999999999995e+00 2.633627000000000162e+00 2.631874999999999964e+00
3.196831069926510736e+03 2.631314999999999849e+00 2.635063000000000155e+00 2.638241999999999976e+00 2.636934000000000111e+00 2.635260000000000158e+00 2.633274999999999810e+00
3.204803217233060423e+03 2.636889000000000038e+00 2.637995999999999786e+00 2.640204999999999913e+00 2.638867999999999991e+00 2.636845999999999801e+00 2.634558000000000177e+00
3.212775364539610109e+03 2.640978000000000048e+00 2.640585000000000182e+00 2.641807000000000016e+00 2.640722999999999931e+00 2.638320999999999916e+00 2.635851999999999862e+00
3.220747511846160251e+03 2.643634000000000039e+00 2.642675000000000107e+00 2.643447999999999798e+00 2.642386000000000124e+00 2.639631000000000061e+00 2.637134000000000089e+00
3.228719659152709937e+03 2.644553000000000154e+00 2.644435999999999787e+00 2.644903999999999922e+00 2.643823999999999952e+00 2.640893000000000157e+00 2.638288000000000189e+00
3.236691806459260079e+03 2.644289999999999807e+00 2.645548999999999928e+00 2.646166000000000018e+00 2.644963999999999871e+00 2.642078000000000149e+00 2.639353999999999978e+00
3.244663953765809765e+03 2.643606999999999818e+00 2.646491000000000149e+00 2.647381999999999902e+00 2.645897999999999861e+00 2.643095000000000194e+00 2.640362999999999793e+00
3.252636101072359907e+03 2.643416000000000210e+00 2.647339999999999804e+00 2.648368000000000055e+00 2.646666000000000185e+00 2.643971000000000071e+00 2.641329999999999956e+00
3.260608248378909593e+03 2.644127000000000116e+00 2.648086000000000162e+00 2.649062999999999946e+00 2.647267999999999954e+00 2.644835000000000047e+00 2.642186000000000146e+00
3.268580395685459735e+03 2.645830999999999822e+00 2.648928999999999867e+00 2.649684000000000150e+00 2.647850000000000037e+00 2.645589999999999886e+00 2.642914999999999903e+00
3.276552542992009421e+03 2.648229000000000166e+00 2.649779999999999802e+00 2.650008000000000141e+00 2.648430999999999980e+00 2.646141000000000076e+00 2.643679000000000112e+00
3.284524690298559563e+03 2.650949000000000222e+00 2.650682999999999900e+00 2.650082999999999966e+00 2.648810000000000109e+00 2.646619999999999973e+00 2.644426000000000165e+00
3.292496837605109249e+03 2.653523999999999994e+00 2.651368999999999865e+00 2.650132000000000154e+00 2.648946000000000023e+00 2.647063000000000166e+00 2.645086000000000048e+00
3.300468984911659390e+03 2.654729999999999812e+00 2.651460000000000150e+00 2.650304999999999911e+00 2.649001000000000161e+00 2.647492000000000179e+00 2.645725999999999800e+00
3.308441132218209077e+03 2.654814000000000007e+00 2.651596000000000064e+00 2.650475999999999832e+00 2.649125000000000174e+00 2.647781999999999858e+00 2.646349999999999980e+00
3.316413279524759218e+03 2.653839000000000059e+00 2.651724999999999888e+00 2.650419999999999998e+00 2.648963999999999874e+00 2.648198999999999970e+00 2.646898999999999891e+00
3.324385426831308905e+03 2.652088000000000001e+00 2.651403000000000176e+00 2.650265999999999789e+00 2.649074999999999847e+00 2.648619000000000057e+00 2.647297000000000011e+00
3.332357574137859046e+03 2.650046000000000124e+00 2.651165000000000216e+00 2.650138999999999800e+00 2.649195999999999884e+00 2.648859999999999992e+00 2.647799000000000014e+00
3.340329721444408733e+03 2.648375999999999841e+00 2.651043000000000038e+00 2.650024999999999853e+00 2.649307999999999996e+00 2.649103000000000208e+00 2.648353000000000179e+00
3.348301868750958874e+03 2.647393000000000107e+00 2.651260999999999868e+00 2.649773000000000156e+00 2.649223000000000106e+00 2.649443999999999910e+00 2.648877000000000148e+00
3.356274016057508561e+03 2.647438000000000180e+00 2.651193000000000133e+00 2.650015999999999927e+00 2.649529999999999941e+00 2.649753000000000025e+00 2.649445000000000050e+00
3.364246163364058248e+03 2.648556999999999828e+00 2.651193999999999829e+00 2.650182000000000038e+00 2.649971999999999994e+00 2.650081999999999827e+00 2.650068999999999786e+00
3.372218310670608389e+03 2.650879999999999903e+00 2.651333999999999858e+00 2.650462000000000096e+00 2.650306000000000051e+00 2.650542999999999871e+00 2.650729000000000113e+00
3.380190457977158076e+03 2.653791000000000011e+00 2.651715999999999962e+00 2.650606999999999935e+00 2.650649000000000033e+00 2.651076000000000210e+00 2.651301000000000130e+00
3.388162605283708217e+03 2.656595999999999957e+00 2.652020999999999962e+00 2.651091999999999782e+00 2.651208000000000009e+00 2.651626999999999956e+00 2.651874999999999982e+00
3.396134752590257904e+03 2.659158000000000133e+00 2.652797000000000072e+00 2.651787000000000116e+00 2.651819999999999844e+00 2.652212000000000014e+00 2.652489000000000097e+00
3.404106899896808045e+03 2.660957999999999934e+00 2.654039000000000037e+00 2.652508999999999784e+00 2.652463000000000015e+00 2.652890000000000192e+00 2.653143000000000029e+00
3.412079047203357732e+03 2.661894999999999900e+00 2.655212999999999823e+00 2.653331999999999802e+00 2.653204999999999814e+00 2.653649999999999842e+00 2.653880000000000017e+00
3.420051194509907873e+03 2.662462999999999802e+00 2.656210999999999878e+00 2.654250999999999916e+00 2.654193999999999942e+00 2.654428999999999927e+00 2.654694000000000109e+00
3.428023341816457560e+03 2.662948000000000093e+00 2.657360000000000166e+00 2.655250000000000110e+00 2.655333999999999861e+00 2.655227000000000004e+00 2.655523000000000078e+00
3.435995489123007701e+03 2.663368999999999875e+00 2.658806999999999920e+00 2.656356999999999857e+00 2.656433999999999962e+00 2.656066000000000038e+00 2.656334999999999891e+00
3.443967636429557388e+03 2.664325999999999972e+00 2.660444000000000031e+00 2.657646000000000175e+00 2.657528000000000112e+00 2.656946000000000030e+00 2.657198999999999867e+00
3.451939783736107529e+03 2.666185000000000027e+00 2.662250999999999923e+00 2.659152000000000182e+00 2.658614000000000033e+00 2.657837999999999923e+00 2.658107999999999915e+00
3.459911931042657216e+03 2.668565000000000076e+00 2.664270999999999834e+00 2.660681999999999992e+00 2.659689999999999888e+00 2.658795000000000019e+00 2.658952000000000204e+00
3.467884078349207357e+03 2.671971000000000096e+00 2.666250999999999927e+00 2.662186000000000163e+00 2.660657000000000050e+00 2.659902999999999906e+00 2.659778999999999893e+00
3.475856225655757044e+03 2.675714000000000148e+00 2.668438999999999783e+00 2.663663999999999810e+00 2.661575000000000024e+00 2.661001000000000172e+00 2.660749000000000031e+00
3.483828372962307185e+03 2.679462000000000010e+00 2.669999999999999929e+00 2.665023000000000142e+00 2.662760000000000016e+00 2.662117999999999984e+00 2.661642000000000063e+00
3.491800520268856872e+03 2.682325000000000070e+00 2.671609999999999818e+00 2.666322000000000081e+00 2.663688000000000056e+00 2.663196000000000119e+00 2.662504999999999900e+00
3.499772667575406558e+03 2.684477999999999920e+00 2.672845000000000137e+00 2.667489999999999917e+00 2.664661999999999864e+00 2.664232000000000156e+00 2.663425999999999849e+00
3.507744814881956700e+03 2.685735000000000205e+00 2.673732999999999915e+00 2.668271999999999977e+00 2.665754000000000179e+00 2.665083000000000091e+00 2.664397000000000126e+00
3.515716962188506386e+03 2.685268999999999906e+00 2.673907999999999952e+00 2.669189999999999952e+00 2.666808000000000067e+00 2.666062999999999850e+00 2.665315000000000101e+00
3.523689109495056528e+03 2.684295999999999793e+00 2.673750000000000071e+00 2.669561999999999991e+00 2.667692999999999870e+00 2.667073999999999945e+00 2.666214000000000084e+00
3.531661256801606214e+03 2.682449000000000083e+00 2.673623999999999779e+00 2.669979999999999798e+00 2.668654000000000082e+00 2.667914000000000119e+00 2.667092999999999936e+00
3.539633404108156356e+03 2.679940000000000211e+00 2.672957999999999945e+00 2.670180999999999916e+00 2.669521000000000033e+00 2.668864000000000125e+00 2.667927999999999855e+00
3.547605551414706042e+03 2.677560999999999858e+00 2.671847000000000083e+00 2.670373000000000108e+00 2.670317999999999969e+00 2.669826000000000032e+00 2.668759999999999799e+00
3.555577698721256183e+03 2.675199000000000105e+00 2.670647000000000215e+00 2.670414000000000065e+00 2.671054999999999957e+00 2.670727999999999991e+00 2.669547000000000114e+00
3.563549846027805870e+03 2.672744999999999926e+00 2.669542999999999999e+00 2.670548000000000144e+00 2.671876999999999835e+00 2.671469000000000094e+00 2.670361000000000207e+00
3.571521993334356011e+03 2.670514999999999972e+00 2.668575999999999837e+00 2.670792000000000055e+00 2.672503999999999991e+00 2.672233999999999998e+00 2.671205000000000052e+00
3.579494140640905698e+03 2.668603000000000058e+00 2.667647999999999797e+00 2.670913999999999788e+00 2.673150999999999833e+00 2.672960999999999920e+00 2.671994999999999898e+00
3.587466287947455839e+03 2.666987000000000219e+00 2.667069999999999830e+00 2.671063000000000187e+00 2.673830999999999847e+00 2.673678000000000221e+00 2.672725999999999935e+00
3.595438435254005526e+03 2.665858000000000061e+00 2.666716000000000086e+00 2.671409999999999840e+00 2.674408000000000118e+00 2.674342999999999915e+00 2.673446000000000211e+00
3.603410582560555667e+03 2.664976999999999929e+00 2.666542000000000190e+00 2.671860999999999819e+00 2.674936999999999898e+00 2.674911999999999956e+00 2.674115000000000020e+00
3.611382729867105354e+03 2.664232999999999851e+00 2.666967999999999783e+00 2.672463000000000033e+00 2.675491000000000064e+00 2.675534999999999997e+00 2.674736999999999920e+00
3.619354877173655495e+03 2.664153000000000215e+00 2.667965000000000142e+00 2.673280000000000101e+00 2.676029000000000213e+00 2.676158000000000037e+00 2.675371000000000166e+00
3.627327024480205182e+03 2.664639000000000202e+00 2.669402999999999970e+00 2.674240000000000173e+00 2.676509999999999945e+00 2.676730000000000054e+00 2.675984000000000140e+00
3.635299171786755323e+03 2.666059000000000179e+00 2.671167000000000069e+00 2.675260999999999889e+00 2.677122999999999919e+00 2.677277000000000129e+00 2.676641000000000048e+00
3.643271319093305010e+03 2.668772999999999840e+00 2.673509999999999831e+00 2.676209000000000060e+00 2.677738999999999869e+00 2.677789999999999893e+00 2.677153999999999812e+00
3.651243466399854697e+03 2.672606000000000037e+00 2.675803000000000154e+00 2.677290999999999865e+00 2.678202000000000194e+00 2.678250999999999937e+00 2.677613000000000021e+00
