0.000000000000000000e+00 1.800734000000000057e+00 1.799560000000000048e+00 1.799960000000000004e+00 1.800219000000000014e+00 1.799315999999999915e+00 1.798310999999999993e+00
1.026133774774826968e+01 1.802205999999999975e+00 1.800632000000000010e+00 1.800615999999999994e+00 1.800338999999999912e+00 1.799328999999999956e+00 1.798232000000000053e+00
2.052267549549653936e+01 1.803725000000000023e+00 1.801482000000000028e+00 1.801013999999999893e+00 1.800599999999999978e+00 1.799260000000000081e+00 1.798062000000000049e+00
3.078401324324480726e+01 1.805190000000000072e+00 1.802418999999999993e+00 1.801363999999999965e+00 1.800640000000000018e+00 1.799163999999999985e+00 1.797906999999999922e+00
4.104535099099307871e+01 1.806750999999999996e+00 1.803126000000000007e+00 1.801652999999999949e+00 1.800607999999999986e+00 1.799004000000000048e+00 1.797692000000000068e+00
5.130668873874135016e+01 1.807925999999999922e+00 1.803569999999999895e+00 1.801739999999999897e+00 1.800475000000000048e+00 1.798782000000000103e+00 1.797420999999999935e+00
6.156802648648961451e+01 1.808661000000000074e+00 1.803792999999999980e+00 1.801646999999999998e+00 1.800264000000000086e+00 1.798515000000000086e+00 1.797083999999999904e+00
7.182936423423788597e+01 1.809126999999999930e+00 1.803738999999999981e+00 1.801449999999999996e+00 1.799959000000000087e+00 1.798243000000000036e+00 1.796694000000000013e+00
8.209070198198615742e+01 1.808891000000000027e+00 1.803331999999999935e+00 1.801148999999999889e+00 1.799471000000000043e+00 1.797987000000000002e+00 1.796281999999999934e+00
9.235203972973442887e+01 1.807592000000000088e+00 1.802599000000000062e+00 1.800751999999999908e+00 1.798963000000000090e+00 1.797542999999999891e+00 1.795882999999999896e+00
1.026133774774827003e+02 1.805530000000000079e+00 1.801736999999999922e+00 1.800059999999999993e+00 1.798383000000000065e+00 1.797048999999999896e+00 1.795430000000000081e+00
1.128747152252309718e+02 1.802778999999999909e+00 1.800521000000000038e+00 1.799228999999999967e+00 1.797633000000000036e+00 1.796445999999999987e+00 1.794987000000000110e+00
1.231360529729792290e+02 1.799962000000000062e+00 1.799147000000000052e+00 1.798203999999999914e+00 1.796850000000000058e+00 1.795735999999999999e+00 1.794453000000000076e+00
1.333973907207275147e+02 1.797168000000000099e+00 1.797795000000000032e+00 1.797036999999999995e+00 1.796035000000000048e+00 1.795015999999999945e+00 1.793884999999999952e+00
1.436587284684757719e+02 1.794605999999999923e+00 1.796418999999999988e+00 1.795787000000000022e+00 1.795145999999999908e+00 1.794291000000000080e+00 1.793331000000000008e+00
1.539200662162240576e+02 1.792467999999999950e+00 1.794920999999999989e+00 1.794397000000000020e+00 1.794192000000000009e+00 1.793552000000000035e+00 1.792667999999999928e+00
1.641814039639723148e+02 1.790602000000000027e+00 1.793250999999999928e+00 1.792882000000000087e+00 1.793179000000000078e+00 1.792723000000000066e+00 1.792010000000000103e+00
1.744427417117205721e+02 1.789042999999999939e+00 1.791516000000000108e+00 1.791549999999999976e+00 1.792084000000000010e+00 1.791946999999999957e+00 1.791312999999999933e+00
1.847040794594688577e+02 1.787627999999999995e+00 1.789644000000000013e+00 1.790208999999999939e+00 1.791029999999999900e+00 1.791069999999999940e+00 1.790626000000000051e+00
1.949654172072171150e+02 1.786105999999999971e+00 1.787948000000000093e+00 1.788904000000000050e+00 1.789954000000000045e+00 1.790207000000000104e+00 1.789925999999999906e+00
2.052267549549654007e+02 1.784340000000000037e+00 1.786181000000000019e+00 1.787560999999999956e+00 1.788882000000000083e+00 1.789347999999999939e+00 1.789220000000000033e+00
2.154880927027136579e+02 1.782637000000000027e+00 1.784202000000000066e+00 1.786122999999999905e+00 1.787720999999999894e+00 1.788465999999999889e+00 1.788423000000000096e+00
2.257494304504619436e+02 1.780739999999999990e+00 1.782138999999999918e+00 1.784696000000000060e+00 1.786562999999999901e+00 1.787593999999999905e+00 1.787560999999999956e+00
2.360107681982102008e+02 1.778686999999999907e+00 1.780353000000000074e+00 1.783369999999999900e+00 1.785668999999999951e+00 1.786670999999999898e+00 1.786705999999999905e+00
2.462721059459584581e+02 1.776532000000000000e+00 1.778680999999999957e+00 1.782205000000000039e+00 1.784715999999999969e+00 1.785833999999999921e+00 1.785857999999999945e+00
2.565334436937067153e+02 1.774609000000000103e+00 1.777244000000000046e+00 1.781309999999999949e+00 1.783732000000000095e+00 1.784968000000000110e+00 1.785074000000000050e+00
2.667947814414550294e+02 1.773320999999999925e+00 1.776089000000000029e+00 1.780478000000000005e+00 1.782783999999999924e+00 1.784102000000000077e+00 1.784253000000000089e+00
2.770561191892032866e+02 1.772469999999999990e+00 1.775349999999999984e+00 1.779862000000000055e+00 1.782091000000000092e+00 1.783271000000000051e+00 1.783403999999999989e+00
2.873174569369515439e+02 1.772200999999999915e+00 1.774883999999999906e+00 1.779443000000000108e+00 1.781457999999999986e+00 1.782443000000000000e+00 1.782548999999999939e+00
2.975787946846998011e+02 1.772596999999999978e+00 1.774820000000000064e+00 1.779042999999999930e+00 1.780771000000000104e+00 1.781617999999999924e+00 1.781646999999999981e+00
3.078401324324481152e+02 1.773506999999999945e+00 1.775314999999999976e+00 1.778801000000000077e+00 1.780154999999999932e+00 1.780831999999999971e+00 1.780745999999999940e+00
3.181014701801963724e+02 1.774504999999999999e+00 1.776113000000000053e+00 1.778575999999999935e+00 1.779482999999999926e+00 1.779957999999999929e+00 1.779819000000000040e+00
3.283628079279446297e+02 1.775894000000000084e+00 1.776928999999999981e+00 1.778394999999999948e+00 1.778869000000000034e+00 1.779052000000000078e+00 1.778880000000000017e+00
3.386241456756928869e+02 1.777733000000000008e+00 1.778026000000000106e+00 1.778097999999999956e+00 1.778289999999999926e+00 1.778216999999999937e+00 1.777962999999999960e+00
3.488854834234411442e+02 1.779673000000000060e+00 1.778983999999999899e+00 1.777754000000000056e+00 1.777649999999999952e+00 1.777363999999999944e+00 1.777037999999999895e+00
3.591468211711894583e+02 1.781468999999999969e+00 1.779519999999999991e+00 1.777504999999999891e+00 1.776948999999999890e+00 1.776421000000000028e+00 1.776097999999999955e+00
3.694081589189377155e+02 1.782607000000000053e+00 1.779762000000000066e+00 1.777209999999999956e+00 1.776216999999999935e+00 1.775460999999999956e+00 1.775163000000000046e+00
3.796694966666859727e+02 1.782842000000000038e+00 1.779482000000000008e+00 1.776707999999999954e+00 1.775427000000000088e+00 1.774540999999999924e+00 1.774119000000000002e+00
3.899308344144342300e+02 1.782043000000000044e+00 1.778955999999999982e+00 1.775970000000000049e+00 1.774486999999999925e+00 1.773636999999999908e+00 1.773195999999999994e+00
4.001921721621825441e+02 1.780345000000000066e+00 1.777797000000000072e+00 1.775087000000000081e+00 1.773586000000000107e+00 1.772742999999999958e+00 1.772211999999999898e+00
4.104535099099308013e+02 1.777832000000000079e+00 1.776335999999999915e+00 1.774048999999999987e+00 1.772602000000000011e+00 1.771795000000000009e+00 1.771182999999999952e+00
4.207148476576790586e+02 1.774855000000000071e+00 1.774645999999999946e+00 1.772909000000000068e+00 1.771482000000000001e+00 1.770771000000000095e+00 1.770100000000000007e+00
4.309761854054273158e+02 1.771908999999999956e+00 1.772656000000000009e+00 1.771624000000000088e+00 1.770346999999999893e+00 1.769697000000000076e+00 1.769006999999999996e+00
4.412375231531755730e+02 1.769277999999999906e+00 1.770434000000000063e+00 1.770188000000000095e+00 1.769228000000000023e+00 1.768569999999999975e+00 1.767960999999999894e+00
4.514988609009238871e+02 1.766907999999999923e+00 1.768264999999999976e+00 1.768920000000000048e+00 1.768119999999999914e+00 1.767567000000000110e+00 1.766934999999999922e+00
4.617601986486721444e+02 1.764823000000000031e+00 1.766197000000000017e+00 1.767428999999999917e+00 1.767033000000000076e+00 1.766453999999999969e+00 1.765816000000000052e+00
4.720215363964204016e+02 1.763077000000000005e+00 1.764434999999999976e+00 1.766005000000000047e+00 1.765900999999999943e+00 1.765352999999999950e+00 1.764664999999999928e+00
4.822828741441686589e+02 1.761716000000000060e+00 1.762955999999999968e+00 1.764674999999999994e+00 1.764752000000000098e+00 1.764218000000000064e+00 1.763522999999999952e+00
4.925442118919169161e+02 1.760561999999999960e+00 1.761717999999999895e+00 1.763395999999999963e+00 1.763619999999999965e+00 1.763063000000000047e+00 1.762394000000000016e+00
5.028055496396652302e+02 1.759641999999999928e+00 1.760726999999999931e+00 1.762226000000000070e+00 1.762578999999999896e+00 1.761937000000000086e+00 1.761260000000000048e+00
5.130668873874134306e+02 1.759163000000000032e+00 1.759913000000000061e+00 1.761258999999999908e+00 1.761632000000000087e+00 1.760863999999999985e+00 1.760057999999999900e+00
5.233282251351618015e+02 1.759333999999999953e+00 1.759427000000000074e+00 1.760394999999999932e+00 1.760593000000000075e+00 1.759738999999999942e+00 1.758804999999999952e+00
5.335895628829100588e+02 1.760210000000000052e+00 1.759239999999999915e+00 1.759700999999999960e+00 1.759533999999999931e+00 1.758567999999999909e+00 1.757616999999999985e+00
5.438509006306583160e+02 1.761757999999999935e+00 1.759489999999999998e+00 1.758960999999999997e+00 1.758475000000000010e+00 1.757416000000000089e+00 1.756394000000000011e+00
5.541122383784065732e+02 1.763682999999999890e+00 1.759776999999999925e+00 1.758389999999999898e+00 1.757338000000000067e+00 1.756283999999999956e+00 1.755106000000000055e+00
5.643735761261548305e+02 1.765876999999999919e+00 1.760262999999999911e+00 1.757821999999999996e+00 1.756205000000000016e+00 1.755112999999999923e+00 1.753803999999999919e+00
5.746349138739030877e+02 1.767643999999999993e+00 1.760774999999999979e+00 1.757196999999999898e+00 1.755173000000000094e+00 1.753883999999999999e+00 1.752485000000000070e+00
5.848962516216513450e+02 1.769349000000000061e+00 1.761222999999999983e+00 1.756632999999999889e+00 1.754118999999999984e+00 1.752626000000000017e+00 1.751114999999999977e+00
5.951575893693996022e+02 1.770040999999999976e+00 1.761557999999999957e+00 1.755975000000000064e+00 1.752918999999999894e+00 1.751390000000000002e+00 1.749746999999999941e+00
6.054189271171478595e+02 1.770324999999999926e+00 1.761144000000000043e+00 1.755179999999999962e+00 1.751843000000000039e+00 1.750100999999999907e+00 1.748339000000000087e+00
6.156802648648962304e+02 1.769096000000000002e+00 1.760691000000000006e+00 1.754246999999999890e+00 1.750615000000000032e+00 1.748723000000000027e+00 1.746923000000000004e+00
6.259416026126444876e+02 1.767473000000000072e+00 1.760075999999999974e+00 1.753233000000000041e+00 1.749341000000000035e+00 1.747309000000000001e+00 1.745482999999999896e+00
6.362029403603927449e+02 1.765249999999999986e+00 1.759106000000000058e+00 1.751889999999999947e+00 1.747959000000000040e+00 1.745835999999999943e+00 1.743983000000000061e+00
6.464642781081410021e+02 1.763001999999999958e+00 1.757837000000000094e+00 1.750426000000000037e+00 1.746542000000000039e+00 1.744315999999999978e+00 1.742439000000000071e+00
6.567256158558892594e+02 1.760998000000000063e+00 1.755970000000000031e+00 1.748885999999999941e+00 1.745033000000000056e+00 1.742704000000000031e+00 1.740874000000000033e+00
6.669869536036375166e+02 1.759760999999999909e+00 1.754224000000000006e+00 1.747136000000000022e+00 1.743332000000000104e+00 1.741116000000000108e+00 1.739317999999999920e+00
6.772482913513857739e+02 1.758494999999999919e+00 1.752081000000000000e+00 1.745233999999999952e+00 1.741590999999999889e+00 1.739408000000000065e+00 1.737722999999999907e+00
6.875096290991340311e+02 1.757228999999999930e+00 1.749635000000000051e+00 1.743249999999999966e+00 1.739775999999999989e+00 1.737738999999999923e+00 1.736064999999999969e+00
6.977709668468822883e+02 1.754637999999999920e+00 1.746771000000000074e+00 1.741155000000000008e+00 1.737994000000000039e+00 1.736072000000000060e+00 1.734364000000000017e+00
7.080323045946306593e+02 1.751298999999999939e+00 1.743835999999999942e+00 1.738954000000000111e+00 1.736167000000000016e+00 1.734382000000000090e+00 1.732620000000000049e+00
7.182936423423789165e+02 1.746809000000000056e+00 1.740790999999999977e+00 1.736650000000000027e+00 1.734315000000000051e+00 1.732615999999999934e+00 1.730885999999999925e+00
7.285549800901271738e+02 1.741756000000000082e+00 1.737854999999999928e+00 1.734507999999999939e+00 1.732502999999999904e+00 1.730814000000000075e+00 1.729189000000000087e+00
7.388163178378754310e+02 1.736026999999999987e+00 1.734801999999999955e+00 1.732420000000000071e+00 1.730560000000000098e+00 1.728971999999999953e+00 1.727459000000000078e+00
7.490776555856236882e+02 1.730194999999999927e+00 1.731673999999999936e+00 1.730328000000000088e+00 1.728679000000000077e+00 1.727081000000000088e+00 1.725692000000000004e+00
7.593389933333719455e+02 1.725124000000000102e+00 1.729209999999999914e+00 1.728366999999999987e+00 1.726671000000000067e+00 1.725284999999999958e+00 1.723881999999999914e+00
7.696003310811202027e+02 1.721397999999999984e+00 1.726941000000000059e+00 1.726469000000000031e+00 1.724755000000000038e+00 1.723410000000000108e+00 1.722037999999999958e+00
7.798616688288684600e+02 1.719510000000000094e+00 1.725179000000000018e+00 1.724652000000000074e+00 1.722984999999999989e+00 1.721557000000000004e+00 1.720156999999999936e+00
7.901230065766167172e+02 1.719138999999999973e+00 1.723940999999999946e+00 1.722992999999999997e+00 1.721243999999999996e+00 1.719745000000000079e+00 1.718250999999999973e+00
8.003843443243650881e+02 1.720109000000000110e+00 1.722990999999999939e+00 1.721376999999999935e+00 1.719452999999999898e+00 1.717924000000000007e+00 1.716320999999999986e+00
8.106456820721133454e+02 1.721772000000000080e+00 1.722434999999999938e+00 1.719718999999999998e+00 1.717662999999999940e+00 1.716121000000000008e+00 1.714372999999999925e+00
8.209070198198616026e+02 1.723953000000000069e+00 1.721953000000000067e+00 1.718315000000000037e+00 1.715867000000000031e+00 1.714220999999999995e+00 1.712485999999999953e+00
8.311683575676098599e+02 1.725616999999999956e+00 1.721335999999999977e+00 1.716825000000000045e+00 1.714048999999999934e+00 1.712282000000000082e+00 1.710525999999999991e+00
8.414296953153581171e+02 1.726514000000000104e+00 1.720512000000000041e+00 1.715230999999999950e+00 1.712218000000000018e+00 1.710344000000000086e+00 1.708584000000000103e+00
8.516910330631063744e+02 1.726537999999999906e+00 1.719371999999999900e+00 1.713538999999999923e+00 1.710334000000000021e+00 1.708356999999999903e+00 1.706630000000000091e+00
8.619523708108546316e+02 1.725641999999999898e+00 1.717759999999999954e+00 1.711805999999999939e+00 1.708452999999999999e+00 1.706306000000000100e+00 1.704639999999999933e+00
8.722137085586028888e+02 1.723621999999999987e+00 1.715780000000000083e+00 1.710055000000000103e+00 1.706617999999999968e+00 1.704258999999999968e+00 1.702612000000000014e+00
8.824750463063511461e+02 1.720698999999999979e+00 1.713530999999999915e+00 1.708080000000000043e+00 1.704598000000000058e+00 1.702260000000000106e+00 1.700536999999999965e+00
8.927363840540995170e+02 1.717187999999999937e+00 1.711221000000000103e+00 1.705942000000000069e+00 1.702480999999999911e+00 1.700212000000000057e+00 1.698426999999999909e+00
9.029977218018477743e+02 1.713000999999999996e+00 1.708320999999999978e+00 1.703702999999999967e+00 1.700294999999999890e+00 1.698134999999999950e+00 1.696377999999999941e+00
9.132590595495960315e+02 1.708390999999999993e+00 1.705232999999999999e+00 1.701362000000000041e+00 1.698101000000000083e+00 1.695999000000000034e+00 1.694220000000000059e+00
9.235203972973442887e+02 1.703789999999999916e+00 1.702147999999999994e+00 1.698898000000000019e+00 1.695807999999999982e+00 1.693840000000000012e+00 1.692012000000000072e+00
9.337817350450925460e+02 1.699332999999999982e+00 1.698790000000000022e+00 1.696242000000000028e+00 1.693454999999999933e+00 1.691626999999999992e+00 1.689793000000000101e+00
9.440430727928408032e+02 1.694928999999999908e+00 1.695192000000000032e+00 1.693445000000000089e+00 1.691157000000000021e+00 1.689337000000000089e+00 1.687546999999999908e+00
9.543044105405890605e+02 1.690561999999999898e+00 1.691516000000000020e+00 1.690587999999999980e+00 1.688779000000000030e+00 1.687009999999999899e+00 1.685251000000000055e+00
9.645657482883373177e+02 1.686183999999999905e+00 1.687835999999999892e+00 1.687683999999999962e+00 1.686325999999999992e+00 1.684673000000000087e+00 1.682922000000000029e+00
9.748270860360855750e+02 1.682007999999999948e+00 1.684396999999999922e+00 1.684668999999999972e+00 1.683891000000000027e+00 1.682276000000000105e+00 1.680566000000000004e+00
9.850884237838338322e+02 1.678007999999999944e+00 1.680987000000000009e+00 1.681836000000000109e+00 1.681405000000000038e+00 1.679845999999999950e+00 1.678242999999999929e+00
9.953497615315822031e+02 1.673947000000000074e+00 1.677421999999999969e+00 1.679022999999999932e+00 1.678822999999999954e+00 1.677400000000000002e+00 1.675918000000000019e+00
1.005611099279330460e+03 1.669688000000000061e+00 1.673756000000000022e+00 1.676172999999999913e+00 1.676204999999999945e+00 1.674933999999999923e+00 1.673556999999999961e+00
1.015872437027078718e+03 1.665378999999999943e+00 1.670122000000000106e+00 1.673326000000000091e+00 1.673580000000000068e+00 1.672412999999999927e+00 1.671140999999999988e+00
1.026133774774826861e+03 1.660695999999999950e+00 1.666682999999999915e+00 1.670576000000000061e+00 1.671000999999999959e+00 1.669866999999999990e+00 1.668708999999999998e+00
1.036395112522575346e+03 1.656099999999999905e+00 1.663540000000000019e+00 1.667875999999999914e+00 1.668400000000000105e+00 1.667389000000000010e+00 1.666207999999999911e+00
1.046656450270323603e+03 1.651556000000000024e+00 1.660614000000000035e+00 1.665289999999999937e+00 1.665797999999999890e+00 1.664949000000000012e+00 1.663694000000000006e+00
1.056917788018071860e+03 1.648025999999999991e+00 1.658083999999999891e+00 1.662746000000000057e+00 1.663267000000000051e+00 1.662438000000000082e+00 1.661178000000000043e+00
1.067179125765820118e+03 1.644697000000000076e+00 1.655737999999999932e+00 1.660319000000000100e+00 1.660711000000000048e+00 1.659879000000000104e+00 1.658676999999999957e+00
1.077440463513568375e+03 1.642805999999999989e+00 1.653901999999999983e+00 1.658045999999999909e+00 1.658171000000000062e+00 1.657280000000000086e+00 1.656158999999999937e+00
1.087701801261316632e+03 1.641834000000000016e+00 1.652511999999999981e+00 1.655861999999999945e+00 1.655683999999999934e+00 1.654692000000000052e+00 1.653591999999999951e+00
1.097963139009064889e+03 1.642271000000000036e+00 1.651704999999999979e+00 1.653882999999999992e+00 1.653197999999999945e+00 1.652147000000000032e+00 1.650935999999999959e+00
1.108224476756813146e+03 1.643780999999999937e+00 1.651105000000000045e+00 1.651929999999999898e+00 1.650643000000000082e+00 1.649574000000000096e+00 1.648239999999999927e+00
1.118485814504561404e+03 1.646447999999999912e+00 1.650824999999999987e+00 1.649877999999999956e+00 1.648117999999999972e+00 1.646903000000000006e+00 1.645505999999999913e+00
1.128747152252309661e+03 1.649650000000000061e+00 1.650635999999999992e+00 1.647744000000000097e+00 1.645553000000000043e+00 1.644279999999999964e+00 1.642743000000000064e+00
1.139008490000057918e+03 1.653221000000000052e+00 1.650425000000000031e+00 1.645717000000000096e+00 1.642991000000000090e+00 1.641617000000000104e+00 1.639952999999999994e+00
1.149269827747806175e+03 1.656433000000000044e+00 1.649885999999999964e+00 1.643734999999999946e+00 1.640371000000000024e+00 1.638918000000000097e+00 1.637132999999999949e+00
1.159531165495554433e+03 1.658438999999999997e+00 1.648827000000000043e+00 1.641607999999999956e+00 1.637669000000000041e+00 1.636163999999999952e+00 1.634249000000000063e+00
1.169792503243302690e+03 1.659119999999999928e+00 1.647531000000000079e+00 1.639286999999999939e+00 1.634941999999999895e+00 1.633270999999999917e+00 1.631315000000000071e+00
1.180053840991050947e+03 1.657612000000000085e+00 1.645205999999999946e+00 1.636567000000000105e+00 1.632068999999999992e+00 1.630358999999999892e+00 1.628333999999999948e+00
1.190315178738799204e+03 1.654077999999999937e+00 1.642038000000000109e+00 1.633710999999999913e+00 1.629386999999999919e+00 1.627428000000000097e+00 1.625329000000000024e+00
1.200576516486547462e+03 1.648592000000000057e+00 1.638290999999999942e+00 1.630554000000000059e+00 1.626581999999999972e+00 1.624403000000000041e+00 1.622244999999999937e+00
1.210837854234295719e+03 1.641250000000000098e+00 1.633874000000000049e+00 1.627124999999999932e+00 1.623647000000000062e+00 1.621291000000000038e+00 1.619061000000000083e+00
1.221099191982044204e+03 1.632319999999999993e+00 1.628778999999999977e+00 1.623574999999999990e+00 1.620610000000000106e+00 1.618114000000000052e+00 1.615702999999999889e+00
1.231360529729792461e+03 1.622524000000000077e+00 1.623364000000000029e+00 1.620074999999999932e+00 1.617458000000000062e+00 1.614883000000000068e+00 1.612203999999999970e+00
1.241621867477540718e+03 1.612772000000000094e+00 1.617596999999999952e+00 1.616568000000000005e+00 1.614209000000000005e+00 1.611577999999999955e+00 1.608627999999999947e+00
1.251883205225288975e+03 1.603941999999999979e+00 1.612381000000000064e+00 1.612954999999999917e+00 1.610794999999999977e+00 1.608271000000000006e+00 1.604910000000000059e+00
1.262144542973037233e+03 1.597312999999999983e+00 1.607660000000000089e+00 1.609223000000000070e+00 1.607196999999999987e+00 1.604861000000000093e+00 1.600978999999999930e+00
1.272405880720785490e+03 1.592481000000000035e+00 1.603212999999999999e+00 1.605434000000000028e+00 1.603582000000000063e+00 1.601325000000000109e+00 1.596781000000000006e+00
1.282667218468533747e+03 1.589761999999999897e+00 1.599215000000000053e+00 1.601704999999999934e+00 1.599900000000000100e+00 1.597668000000000088e+00 1.592314999999999925e+00
1.292928556216282004e+03 1.588683999999999985e+00 1.595776000000000083e+00 1.597987000000000046e+00 1.596159000000000106e+00 1.593976000000000059e+00 1.587522000000000100e+00
1.303189893964030261e+03 1.588413000000000075e+00 1.592673000000000005e+00 1.594217999999999913e+00 1.592376000000000014e+00 1.590236999999999901e+00 1.582362999999999964e+00
1.313451231711778519e+03 1.588086000000000109e+00 1.589534000000000002e+00 1.590360999999999914e+00 1.588524999999999965e+00 1.586308999999999969e+00 1.576762999999999915e+00
1.323712569459526776e+03 1.587180000000000035e+00 1.586567999999999978e+00 1.586459999999999981e+00 1.584613000000000049e+00 1.582249999999999934e+00 1.570626000000000078e+00
1.333973907207275033e+03 1.585010000000000030e+00 1.583360000000000101e+00 1.582324999999999982e+00 1.580632000000000037e+00 1.577943000000000096e+00 1.563730999999999982e+00
1.344235244955023290e+03 1.581447999999999965e+00 1.579914999999999958e+00 1.578098999999999918e+00 1.576384000000000007e+00 1.573407999999999918e+00 1.556086999999999998e+00
1.354496582702771548e+03 1.576894000000000018e+00 1.576182999999999890e+00 1.573917999999999928e+00 1.572108999999999979e+00 1.568665999999999894e+00 1.547547000000000006e+00
1.364757920450519805e+03 1.571749999999999980e+00 1.572165000000000035e+00 1.569668999999999981e+00 1.567798999999999943e+00 1.563647000000000009e+00 1.538035999999999959e+00
1.375019258198268062e+03 1.566775000000000029e+00 1.567750999999999895e+00 1.565188000000000024e+00 1.563345999999999902e+00 1.558219999999999938e+00 1.527387999999999968e+00
1.385280595946016319e+03 1.562017999999999907e+00 1.563050999999999968e+00 1.560599999999999987e+00 1.558723999999999998e+00 1.552367999999999970e+00 1.515562000000000076e+00
1.395541933693764577e+03 1.558113999999999999e+00 1.558016999999999985e+00 1.555695000000000050e+00 1.553825999999999929e+00 1.545938000000000034e+00 1.502132999999999940e+00
1.405803271441512834e+03 1.554610000000000047e+00 1.553072000000000008e+00 1.550810000000000022e+00 1.548859999999999904e+00 1.538432999999999939e+00 1.486839000000000022e+00
1.416064609189261319e+03 1.550820000000000087e+00 1.547771000000000008e+00 1.545733000000000024e+00 1.543625000000000025e+00 1.529906999999999906e+00 1.469892999999999894e+00
1.426325946937009576e+03 1.546364000000000072e+00 1.542402999999999968e+00 1.540580000000000060e+00 1.538189999999999946e+00 1.520248999999999961e+00 1.451322999999999919e+00
1.436587284684757833e+03 1.540615999999999985e+00 1.536861000000000033e+00 1.535312000000000010e+00 1.532553999999999972e+00 1.509042999999999912e+00 1.430903000000000036e+00
1.446848622432506090e+03 1.534094000000000069e+00 1.531157000000000101e+00 1.529822000000000015e+00 1.526591999999999949e+00 1.496118999999999977e+00 1.409078999999999970e+00
1.457109960180254348e+03 1.526906000000000097e+00 1.525287000000000059e+00 1.524089999999999945e+00 1.520110999999999990e+00 1.480990000000000029e+00 1.386295000000000055e+00
1.467371297928002605e+03 1.519385999999999903e+00 1.519401999999999919e+00 1.518380000000000063e+00 1.512949000000000099e+00 1.463634000000000102e+00 1.362286000000000108e+00
1.477632635675750862e+03 1.512374000000000107e+00 1.513451000000000102e+00 1.512245000000000061e+00 1.504483999999999932e+00 1.443079000000000001e+00 1.336286000000000085e+00
1.487893973423499119e+03 1.505690999999999891e+00 1.507635000000000058e+00 1.505959000000000048e+00 1.494631000000000043e+00 1.420109999999999983e+00 1.308890000000000109e+00
1.498155311171247376e+03 1.499505000000000088e+00 1.501522000000000023e+00 1.499454999999999982e+00 1.482585999999999959e+00 1.394512999999999892e+00 1.279728999999999894e+00
1.508416648918995634e+03 1.493630000000000013e+00 1.495168000000000053e+00 1.492636999999999992e+00 1.468026999999999971e+00 1.367234999999999978e+00 1.249066999999999927e+00
1.518677986666743891e+03 1.487983000000000056e+00 1.488720999999999961e+00 1.485306000000000015e+00 1.450101000000000084e+00 1.338303000000000020e+00 1.216739000000000015e+00
1.528939324414492148e+03 1.481988000000000083e+00 1.482010999999999967e+00 1.477265999999999968e+00 1.428382999999999958e+00 1.307506000000000057e+00 1.182935999999999988e+00
1.539200662162240405e+03 1.475683000000000078e+00 1.474615999999999927e+00 1.468345999999999929e+00 1.402084000000000108e+00 1.274356999999999962e+00 1.147454999999999892e+00
1.549461999909988663e+03 1.468819000000000097e+00 1.466949999999999976e+00 1.457456000000000085e+00 1.370365999999999973e+00 1.238304000000000071e+00 1.110144999999999937e+00
1.559723337657736920e+03 1.461553000000000102e+00 1.458650000000000002e+00 1.443273000000000028e+00 1.334840999999999944e+00 1.199586000000000041e+00 1.071385000000000032e+00
1.569984675405485177e+03 1.453260999999999914e+00 1.449829999999999952e+00 1.424760999999999944e+00 1.297106000000000092e+00 1.158628999999999909e+00 1.031519000000000075e+00
1.580246013153233434e+03 1.444245999999999919e+00 1.440415000000000001e+00 1.400395000000000056e+00 1.256753000000000009e+00 1.115215999999999985e+00 9.906044000000000516e-01
1.590507350900981692e+03 1.434554000000000107e+00 1.430439999999999934e+00 1.369582999999999995e+00 1.213359000000000076e+00 1.069674999999999931e+00 9.489374999999999893e-01
1.600768688648730176e+03 1.424109999999999987e+00 1.419913999999999898e+00 1.332213000000000092e+00 1.166428000000000020e+00 1.022078999999999960e+00 9.065355999999999970e-01
1.611030026396478434e+03 1.413175000000000070e+00 1.408776999999999946e+00 1.289663999999999922e+00 1.116012000000000004e+00 9.727131999999999445e-01 8.636825999999999670e-01
1.621291364144226691e+03 1.402033000000000085e+00 1.395926000000000000e+00 1.241994000000000042e+00 1.060678000000000010e+00 9.209146000000000276e-01 8.201572000000000306e-01
1.631552701891974948e+03 1.390824999999999978e+00 1.377976000000000090e+00 1.189051000000000080e+00 1.002191000000000054e+00 8.679706999999999839e-01 7.767152999999999974e-01
1.641814039639723205e+03 1.379507999999999956e+00 1.349576000000000109e+00 1.130236000000000018e+00 9.406693999999999889e-01 8.142374999999999474e-01 7.335171999999999803e-01
1.652075377387471462e+03 1.368065000000000087e+00 1.307392000000000110e+00 1.065550999999999915e+00 8.766722999999999599e-01 7.600930999999999660e-01 6.907990999999999993e-01
1.662336715135219720e+03 1.355542999999999942e+00 1.251357000000000053e+00 9.949744000000000366e-01 8.106200999999999546e-01 7.058100999999999958e-01 6.487692999999999932e-01
1.672598052882967977e+03 1.339328000000000074e+00 1.184517000000000042e+00 9.188815999999999651e-01 7.430875000000000119e-01 6.517484000000000055e-01 6.076601999999999837e-01
1.682859390630716234e+03 1.314322999999999908e+00 1.108880000000000088e+00 8.379598999999999798e-01 6.746440999999999688e-01 5.983020999999999479e-01 5.676295000000000091e-01
1.693120728378464491e+03 1.259667000000000092e+00 1.017997999999999958e+00 7.510288999999999993e-01 6.053515000000000423e-01 5.456950999999999885e-01 5.289355999999999502e-01
1.703382066126212749e+03 1.183318000000000092e+00 9.150452999999999504e-01 6.612607000000000346e-01 5.368973000000000217e-01 4.946481999999999823e-01 4.918472999999999873e-01
1.713643403873961006e+03 1.083369999999999944e+00 8.018368000000000162e-01 5.699999000000000038e-01 4.697662000000000226e-01 4.454841999999999969e-01 4.565958999999999990e-01
1.723904741621709263e+03 9.584057000000000270e-01 6.805077999999999960e-01 4.786116999999999733e-01 4.046516000000000002e-01 3.985556000000000099e-01 4.233179000000000247e-01
1.734166079369457520e+03 8.095259000000000205e-01 5.533455000000000457e-01 3.882608000000000170e-01 3.422274000000000149e-01 3.541961000000000137e-01 3.922269999999999923e-01
1.744427417117205778e+03 6.421403999999999446e-01 4.234854000000000118e-01 3.004159000000000135e-01 2.830526999999999904e-01 3.126574999999999771e-01 3.634550999999999754e-01
1.754688754864954035e+03 4.625271000000000243e-01 2.931289000000000255e-01 2.162687000000000082e-01 2.276557999999999915e-01 2.742704000000000253e-01 3.371394999999999809e-01
1.764950092612702292e+03 2.748587000000000113e-01 1.649446999999999997e-01 1.370800000000000074e-01 1.768676000000000137e-01 2.395938999999999985e-01 3.136995000000000200e-01
1.775211430360450549e+03 9.382645000000000568e-02 4.360213999999999757e-02 6.443793000000000437e-02 1.312108999999999914e-01 2.088682000000000039e-01 2.931751000000000218e-01
1.785472768108199034e+03 -7.315673000000000314e-02 -6.783941000000000277e-02 -7.870178999999999717e-04 9.095356999999999748e-02 1.821093000000000017e-01 2.755353999999999859e-01
1.795734105855947291e+03 -2.232173000000000074e-01 -1.675825999999999982e-01 -5.762968000000000257e-02 5.660741999999999857e-02 1.596440000000000081e-01 2.610135000000000094e-01
1.805995443603695549e+03 -3.529167999999999750e-01 -2.536042000000000018e-01 -1.055061999999999944e-01 2.827148000000000161e-02 1.414572000000000052e-01 2.495468000000000131e-01
1.816256781351443806e+03 -4.607086000000000237e-01 -3.239888000000000212e-01 -1.433788000000000007e-01 6.548439999999999990e-03 1.278808999999999918e-01 2.413480000000000070e-01
1.826518119099192063e+03 -5.442107999999999945e-01 -3.774478000000000000e-01 -1.710067000000000115e-01 -8.617361000000000465e-03 1.188541000000000042e-01 2.363177999999999945e-01
1.836779456846940320e+03 -5.964426999999999923e-01 -4.089523999999999937e-01 -1.857706000000000079e-01 -1.575284000000000059e-02 1.153953999999999952e-01 2.351225999999999872e-01
1.847040794594688577e+03 -6.180997999999999770e-01 -4.195803000000000171e-01 -1.888240999999999947e-01 -1.566787000000000041e-02 1.168398999999999965e-01 2.373351999999999962e-01
1.857302132342436835e+03 -6.047713000000000116e-01 -4.075483999999999774e-01 -1.794672999999999963e-01 -8.022147000000000305e-03 1.234037000000000051e-01 2.430584000000000078e-01
1.867563470090185092e+03 -5.555468000000000073e-01 -3.737098999999999838e-01 -1.584150000000000003e-01 6.691929000000000106e-03 1.347731000000000068e-01 2.520693999999999990e-01
1.877824807837933349e+03 -4.634750999999999732e-01 -3.157774999999999888e-01 -1.247477000000000030e-01 2.897562999999999875e-02 1.512594999999999912e-01 2.645823999999999954e-01
1.888086145585681606e+03 -3.301825999999999928e-01 -2.353887000000000063e-01 -7.931652999999999620e-02 5.833102999999999899e-02 1.725041999999999964e-01 2.803613999999999828e-01
1.898347483333429864e+03 -1.529720999999999997e-01 -1.314310999999999952e-01 -2.158122999999999986e-02 9.509149999999999547e-02 1.987243999999999955e-01 2.995743000000000156e-01
1.908608821081178121e+03 5.887417000000000344e-02 -6.664663000000000358e-03 4.798630999999999730e-02 1.392195999999999989e-01 2.300574999999999981e-01 3.222973000000000088e-01
1.918870158828926378e+03 2.961169000000000162e-01 1.348673999999999984e-01 1.279820999999999875e-01 1.901237000000000066e-01 2.661107999999999807e-01 3.483515999999999835e-01
1.929131496576674635e+03 5.393428999999999585e-01 2.888411000000000173e-01 2.169069999999999887e-01 2.470310000000000006e-01 3.064029999999999809e-01 3.773927999999999727e-01
1.939392834324422893e+03 7.622575000000000323e-01 4.493298000000000014e-01 3.133724999999999983e-01 3.095490000000000186e-01 3.507668999999999926e-01 4.094133999999999829e-01
1.949654172072171150e+03 9.505692999999999504e-01 6.159147999999999845e-01 4.159610999999999725e-01 3.770546000000000175e-01 3.989174999999999804e-01 4.442107000000000139e-01
1.959915509819919407e+03 1.088540999999999981e+00 7.838488999999999596e-01 5.223415999999999615e-01 4.487775999999999987e-01 4.505431999999999770e-01 4.816136999999999779e-01
1.970176847567667664e+03 1.180948000000000109e+00 9.377562000000000397e-01 6.307989999999999986e-01 5.241109000000000462e-01 5.052940000000000209e-01 5.214923000000000197e-01
1.980438185315416149e+03 1.233911999999999898e+00 1.059573000000000098e+00 7.371702999999999451e-01 6.015859999999999541e-01 5.625932999999999629e-01 5.636360999999999732e-01
1.990699523063164406e+03 1.267085999999999935e+00 1.155202999999999980e+00 8.399438999999999655e-01 6.803133000000000097e-01 6.219624000000000263e-01 6.077668000000000514e-01
2.000960860810912664e+03 1.291365000000000096e+00 1.226166000000000089e+00 9.376575000000000326e-01 7.590715000000000101e-01 6.827560999999999769e-01 6.535111999999999588e-01
2.011222198558660921e+03 1.312192000000000025e+00 1.277574999999999905e+00 1.035892999999999953e+00 8.372077999999999465e-01 7.445452999999999655e-01 7.006847999999999965e-01
2.021483536306409178e+03 1.331684000000000090e+00 1.313871999999999929e+00 1.129694999999999894e+00 9.134607999999999617e-01 8.065736000000000017e-01 7.489143000000000328e-01
2.031744874054157435e+03 1.350584999999999924e+00 1.340891000000000055e+00 1.208909000000000011e+00 9.873091999999999979e-01 8.684872000000000147e-01 7.979593000000000380e-01
2.042006211801905692e+03 1.369264999999999954e+00 1.362405000000000088e+00 1.270435999999999899e+00 1.057933999999999930e+00 9.296018000000000336e-01 8.474030999999999647e-01
2.052267549549653722e+03 1.387102999999999975e+00 1.380789999999999962e+00 1.317774999999999919e+00 1.125594999999999901e+00 9.890611999999999737e-01 8.969177000000000399e-01
2.062528887297401980e+03 1.403955999999999982e+00 1.397326999999999986e+00 1.354422999999999933e+00 1.199335000000000040e+00 1.046308999999999934e+00 9.459965999999999653e-01
2.072790225045150692e+03 1.419963000000000086e+00 1.413332000000000033e+00 1.383556000000000008e+00 1.264397999999999911e+00 1.101326000000000027e+00 9.944965000000000055e-01
2.083051562792898949e+03 1.435008999999999979e+00 1.428574000000000011e+00 1.406989999999999963e+00 1.317228999999999983e+00 1.153783000000000003e+00 1.042056000000000093e+00
2.093312900540647206e+03 1.449019999999999975e+00 1.442928999999999906e+00 1.426377000000000006e+00 1.359223999999999988e+00 1.203599000000000085e+00 1.088443999999999967e+00
2.103574238288395463e+03 1.462048000000000014e+00 1.456512999999999947e+00 1.443009999999999904e+00 1.393232000000000026e+00 1.251003000000000087e+00 1.133442999999999978e+00
2.113835576036143721e+03 1.474247000000000085e+00 1.469557000000000002e+00 1.457843999999999918e+00 1.420938000000000034e+00 1.296999000000000013e+00 1.176733000000000029e+00
2.124096913783891978e+03 1.485973999999999906e+00 1.482048999999999950e+00 1.471057000000000059e+00 1.443445000000000089e+00 1.346584000000000003e+00 1.218050000000000077e+00
2.134358251531640235e+03 1.497695999999999916e+00 1.494081999999999910e+00 1.483570999999999973e+00 1.462202000000000002e+00 1.387491000000000030e+00 1.257282000000000011e+00
2.144619589279388492e+03 1.509528999999999899e+00 1.505582999999999894e+00 1.495524000000000076e+00 1.478302999999999923e+00 1.420417000000000041e+00 1.294740999999999920e+00
2.154880927027136750e+03 1.521454000000000084e+00 1.516796000000000033e+00 1.506839000000000039e+00 1.492429999999999923e+00 1.447281999999999957e+00 1.330365000000000020e+00
2.165142264774885007e+03 1.533290999999999960e+00 1.527711999999999959e+00 1.517635000000000067e+00 1.505127000000000104e+00 1.469821999999999962e+00 1.364678000000000058e+00
2.175403602522633264e+03 1.544470000000000010e+00 1.538064000000000098e+00 1.528016000000000041e+00 1.516685000000000061e+00 1.488952999999999971e+00 1.398995999999999906e+00
2.185664940270381521e+03 1.554936000000000096e+00 1.547892999999999963e+00 1.538043000000000049e+00 1.527368999999999977e+00 1.505503000000000036e+00 1.434998999999999914e+00
2.195926278018129779e+03 1.564194000000000084e+00 1.557290000000000063e+00 1.547566999999999915e+00 1.537509999999999932e+00 1.519783000000000106e+00 1.464547000000000043e+00
2.206187615765878036e+03 1.572313999999999989e+00 1.566100000000000048e+00 1.556653000000000064e+00 1.546947000000000072e+00 1.532392999999999894e+00 1.488121000000000027e+00
2.216448953513626293e+03 1.579507999999999912e+00 1.574483999999999995e+00 1.565393999999999952e+00 1.556119000000000030e+00 1.543735999999999997e+00 1.507991000000000081e+00
2.226710291261374550e+03 1.586082999999999910e+00 1.582292000000000032e+00 1.573693999999999926e+00 1.564967999999999915e+00 1.554167999999999994e+00 1.525198000000000054e+00
2.236971629009122807e+03 1.592764000000000069e+00 1.589609999999999967e+00 1.581528000000000045e+00 1.573482999999999965e+00 1.563830000000000053e+00 1.540210000000000079e+00
2.247232966756871065e+03 1.599704999999999933e+00 1.596657999999999911e+00 1.589058000000000082e+00 1.581706999999999974e+00 1.572888000000000064e+00 1.553550999999999904e+00
2.257494304504619322e+03 1.607248000000000010e+00 1.603280999999999956e+00 1.596298999999999912e+00 1.589623000000000008e+00 1.581477999999999939e+00 1.565485999999999933e+00
2.267755642252367579e+03 1.614678999999999975e+00 1.609456999999999915e+00 1.603232999999999908e+00 1.597345000000000015e+00 1.589598999999999984e+00 1.576249999999999929e+00
2.278016980000115836e+03 1.621661000000000019e+00 1.615407999999999955e+00 1.609936000000000034e+00 1.604567999999999994e+00 1.597469000000000028e+00 1.586095999999999950e+00
2.288278317747864094e+03 1.627491000000000021e+00 1.620843999999999951e+00 1.616382999999999903e+00 1.611588000000000021e+00 1.605099000000000053e+00 1.595217000000000107e+00
2.298539655495612351e+03 1.631558999999999982e+00 1.625861999999999918e+00 1.622563999999999895e+00 1.618389999999999995e+00 1.612490999999999897e+00 1.603698000000000068e+00
2.308800993243360608e+03 1.634320999999999913e+00 1.630530000000000035e+00 1.628592000000000040e+00 1.625035000000000007e+00 1.619642000000000026e+00 1.611696999999999935e+00
2.319062330991108865e+03 1.635742000000000029e+00 1.635007000000000099e+00 1.634481999999999990e+00 1.631539000000000073e+00 1.626555999999999891e+00 1.619312000000000085e+00
2.329323668738857123e+03 1.636767000000000083e+00 1.639437999999999951e+00 1.640115999999999907e+00 1.637869999999999937e+00 1.633296000000000081e+00 1.626576999999999940e+00
2.339585006486605380e+03 1.638195999999999986e+00 1.643869999999999942e+00 1.645755999999999997e+00 1.643955999999999973e+00 1.639864999999999906e+00 1.633639999999999981e+00
2.349846344234353637e+03 1.641008999999999940e+00 1.648479999999999945e+00 1.651275000000000048e+00 1.649888999999999939e+00 1.646144000000000052e+00 1.640422000000000047e+00
2.360107681982101894e+03 1.645397999999999916e+00 1.653424000000000005e+00 1.656841000000000008e+00 1.655783000000000005e+00 1.652330999999999994e+00 1.647016000000000036e+00
2.370369019729850152e+03 1.651213000000000042e+00 1.658790999999999904e+00 1.662285999999999930e+00 1.661515999999999993e+00 1.658361999999999892e+00 1.653440999999999939e+00
2.380630357477598409e+03 1.658428000000000013e+00 1.664541999999999966e+00 1.667588000000000070e+00 1.667119999999999935e+00 1.664252999999999982e+00 1.659734000000000043e+00
2.390891695225346666e+03 1.666366999999999932e+00 1.670376000000000083e+00 1.672840000000000105e+00 1.672636999999999929e+00 1.670039000000000051e+00 1.665883000000000003e+00
2.401153032973094923e+03 1.674695999999999962e+00 1.676398000000000055e+00 1.678217999999999988e+00 1.678074000000000066e+00 1.675680000000000058e+00 1.671866000000000074e+00
2.411414370720843181e+03 1.683011999999999952e+00 1.682241000000000097e+00 1.683545999999999987e+00 1.683321999999999985e+00 1.681132000000000071e+00 1.677624000000000004e+00
2.421675708468591438e+03 1.690115999999999952e+00 1.687921999999999922e+00 1.688666000000000000e+00 1.688468999999999998e+00 1.686525000000000052e+00 1.683289000000000035e+00
2.431937046216339695e+03 1.696347000000000049e+00 1.693448000000000064e+00 1.693740999999999941e+00 1.693484999999999907e+00 1.691856999999999944e+00 1.688833999999999946e+00
2.442198383964088407e+03 1.701826000000000061e+00 1.698868999999999962e+00 1.698796999999999890e+00 1.698512000000000022e+00 1.697109999999999896e+00 1.694299999999999917e+00
2.452459721711836664e+03 1.706668999999999992e+00 1.704112999999999989e+00 1.703735999999999917e+00 1.703494000000000064e+00 1.702258999999999967e+00 1.699659999999999949e+00
2.462721059459584922e+03 1.711092999999999975e+00 1.709163999999999906e+00 1.708544000000000063e+00 1.708364999999999911e+00 1.707294000000000089e+00 1.704890000000000017e+00
2.472982397207333179e+03 1.715689000000000020e+00 1.714072000000000040e+00 1.713327999999999962e+00 1.713163999999999909e+00 1.712261999999999951e+00 1.709983999999999948e+00
2.483243734955081436e+03 1.721030000000000060e+00 1.718825999999999965e+00 1.717969000000000079e+00 1.717935999999999908e+00 1.717195999999999945e+00 1.715019999999999989e+00
2.493505072702829693e+03 1.726512000000000047e+00 1.723398999999999903e+00 1.722625999999999991e+00 1.722652000000000072e+00 1.721958000000000100e+00 1.720031000000000088e+00
2.503766410450577951e+03 1.731897999999999938e+00 1.727789000000000019e+00 1.727303999999999951e+00 1.727333000000000007e+00 1.726731000000000016e+00 1.724949000000000066e+00
2.514027748198326208e+03 1.736577999999999955e+00 1.732164999999999955e+00 1.731845999999999997e+00 1.731997000000000009e+00 1.731459999999999999e+00 1.729800000000000004e+00
2.524289085946074465e+03 1.740375999999999923e+00 1.736491000000000007e+00 1.736297999999999897e+00 1.736579000000000095e+00 1.736121999999999943e+00 1.734585999999999961e+00
2.534550423693822722e+03 1.743349999999999955e+00 1.740888999999999909e+00 1.740814000000000084e+00 1.741052999999999962e+00 1.740750999999999937e+00 1.739317999999999920e+00
2.544811761441570980e+03 1.745868999999999893e+00 1.745287999999999951e+00 1.745417999999999914e+00 1.745530000000000026e+00 1.745370000000000088e+00 1.743980000000000086e+00
2.555073099189319237e+03 1.748540999999999901e+00 1.749660999999999911e+00 1.750091000000000063e+00 1.750024999999999942e+00 1.749973000000000001e+00 1.748558999999999974e+00
2.565334436937067494e+03 1.751910999999999996e+00 1.754131000000000107e+00 1.754553999999999947e+00 1.754545999999999939e+00 1.754478999999999900e+00 1.753190999999999944e+00
2.575595774684815751e+03 1.756326000000000054e+00 1.758723999999999954e+00 1.759161999999999892e+00 1.759174999999999933e+00 1.758996000000000004e+00 1.757762999999999964e+00
2.585857112432564008e+03 1.761803999999999926e+00 1.763454999999999995e+00 1.763919000000000015e+00 1.763749000000000011e+00 1.763411999999999979e+00 1.762302999999999953e+00
2.596118450180312266e+03 1.768107000000000095e+00 1.768440999999999930e+00 1.768596999999999975e+00 1.768253999999999992e+00 1.767776999999999932e+00 1.766780000000000017e+00
2.606379787928060523e+03 1.775053999999999910e+00 1.773640000000000105e+00 1.773155000000000037e+00 1.772759999999999891e+00 1.772143999999999942e+00 1.771198000000000050e+00
2.616641125675808780e+03 1.781973000000000029e+00 1.778842000000000034e+00 1.777735999999999983e+00 1.777309000000000028e+00 1.776540999999999926e+00 1.775559000000000109e+00
2.626902463423557037e+03 1.788437000000000054e+00 1.783738000000000046e+00 1.782432999999999934e+00 1.781916000000000055e+00 1.780961999999999934e+00 1.779846000000000039e+00
2.637163801171305295e+03 1.793701999999999908e+00 1.788273999999999919e+00 1.786939999999999973e+00 1.786464000000000052e+00 1.785387000000000057e+00 1.784200999999999926e+00
2.647425138919053552e+03 1.797771999999999926e+00 1.792839999999999989e+00 1.791539999999999910e+00 1.790861999999999954e+00 1.789787999999999935e+00 1.788456999999999963e+00
2.657686476666801809e+03 1.800429999999999975e+00 1.797025000000000095e+00 1.796154000000000028e+00 1.795298000000000060e+00 1.794165999999999928e+00 1.792642999999999986e+00
2.667947814414550066e+03 1.802342000000000111e+00 1.801201999999999970e+00 1.800742999999999983e+00 1.799747999999999903e+00 1.798480999999999996e+00 1.796837000000000018e+00
2.678209152162298324e+03 1.803547999999999929e+00 1.805401000000000034e+00 1.805311000000000110e+00 1.804149999999999920e+00 1.802745999999999960e+00 1.801023000000000041e+00
2.688470489910046581e+03 1.805112999999999968e+00 1.809555000000000025e+00 1.809814000000000034e+00 1.808600999999999903e+00 1.807012000000000063e+00 1.805153999999999925e+00
2.698731827657794838e+03 1.807625000000000037e+00 1.813808000000000087e+00 1.814205000000000068e+00 1.813061999999999951e+00 1.811250999999999944e+00 1.809264999999999901e+00
2.708993165405543095e+03 1.811795999999999962e+00 1.818449999999999900e+00 1.818572999999999995e+00 1.817372999999999905e+00 1.815368000000000093e+00 1.813307999999999920e+00
2.719254503153291353e+03 1.817995999999999945e+00 1.823372999999999911e+00 1.822877000000000081e+00 1.821536000000000044e+00 1.819407999999999914e+00 1.817274000000000056e+00
2.729515840901039610e+03 1.825034000000000045e+00 1.828243000000000062e+00 1.827263999999999999e+00 1.825647000000000020e+00 1.823449000000000098e+00 1.821179000000000103e+00
2.739777178648787867e+03 1.832622999999999891e+00 1.832994000000000012e+00 1.831563999999999970e+00 1.829695999999999989e+00 1.827457000000000109e+00 1.825029000000000012e+00
2.750038516396536124e+03 1.839828000000000019e+00 1.837698999999999971e+00 1.835758000000000001e+00 1.833636000000000044e+00 1.831404999999999950e+00 1.828824000000000005e+00
2.760299854144284382e+03 1.846341999999999928e+00 1.842492000000000019e+00 1.839968000000000048e+00 1.837485999999999953e+00 1.835325000000000095e+00 1.832565000000000000e+00
2.770561191892032639e+03 1.851871999999999963e+00 1.846908999999999912e+00 1.844031999999999893e+00 1.841240999999999906e+00 1.839086999999999916e+00 1.836159000000000097e+00
2.780822529639780896e+03 1.855934999999999890e+00 1.851034000000000068e+00 1.847981000000000096e+00 1.844983999999999957e+00 1.842786999999999953e+00 1.839723999999999915e+00
2.791083867387529153e+03 1.859496000000000038e+00 1.854878999999999944e+00 1.851711000000000107e+00 1.848546999999999940e+00 1.846400999999999959e+00 1.843218999999999941e+00
2.801345205135277411e+03 1.862683000000000089e+00 1.858606999999999898e+00 1.855150000000000077e+00 1.852039999999999909e+00 1.849855000000000027e+00 1.846589000000000036e+00
2.811606542883025668e+03 1.865626000000000007e+00 1.862179999999999946e+00 1.858490999999999893e+00 1.855448999999999904e+00 1.853155000000000108e+00 1.849898999999999960e+00
2.821867880630774380e+03 1.868347999999999898e+00 1.865358000000000072e+00 1.861696999999999935e+00 1.858738999999999919e+00 1.856276999999999955e+00 1.853134000000000059e+00
2.832129218378522637e+03 1.871053999999999995e+00 1.868303000000000047e+00 1.864738000000000007e+00 1.861925000000000052e+00 1.859302000000000010e+00 1.856273000000000062e+00
2.842390556126270894e+03 1.873501000000000083e+00 1.871207999999999982e+00 1.867666999999999966e+00 1.864954999999999918e+00 1.862341000000000024e+00 1.859377000000000058e+00
2.852651893874019152e+03 1.875888999999999918e+00 1.873620000000000063e+00 1.870354000000000072e+00 1.867879999999999985e+00 1.865174000000000110e+00 1.862338999999999967e+00
2.862913231621767409e+03 1.878343000000000096e+00 1.875992000000000104e+00 1.872894000000000059e+00 1.870651000000000064e+00 1.867898000000000058e+00 1.865278999999999909e+00
2.873174569369515666e+03 1.880797000000000052e+00 1.878257000000000065e+00 1.875297999999999909e+00 1.873243999999999909e+00 1.870557000000000025e+00 1.868049999999999988e+00
2.883435907117263923e+03 1.882970999999999950e+00 1.880408000000000079e+00 1.877555000000000085e+00 1.875656999999999908e+00 1.873172999999999977e+00 1.870703999999999922e+00
2.893697244865012181e+03 1.885088000000000097e+00 1.882277999999999896e+00 1.879737999999999909e+00 1.877923000000000009e+00 1.875702999999999898e+00 1.873286000000000007e+00
2.903958582612760438e+03 1.887189000000000005e+00 1.883987000000000078e+00 1.881777000000000033e+00 1.880090999999999957e+00 1.878103999999999996e+00 1.875817000000000068e+00
2.914219920360508695e+03 1.889105000000000034e+00 1.885709000000000080e+00 1.883470999999999895e+00 1.882163999999999948e+00 1.880390999999999924e+00 1.878254000000000090e+00
2.924481258108256952e+03 1.890730000000000022e+00 1.887013999999999969e+00 1.885188000000000086e+00 1.884127000000000107e+00 1.882633999999999919e+00 1.880630999999999942e+00
2.934742595856005209e+03 1.891874999999999973e+00 1.888354000000000088e+00 1.886703000000000019e+00 1.885950000000000015e+00 1.884668999999999928e+00 1.882997999999999950e+00
2.945003933603753467e+03 1.892643999999999993e+00 1.889543999999999890e+00 1.888161999999999896e+00 1.887788999999999939e+00 1.886619999999999964e+00 1.885329999999999950e+00
2.955265271351501724e+03 1.893118999999999996e+00 1.890562000000000076e+00 1.889623000000000053e+00 1.889442000000000066e+00 1.888546000000000058e+00 1.887572000000000028e+00
2.965526609099249981e+03 1.893429999999999946e+00 1.891369000000000078e+00 1.891043000000000029e+00 1.890929000000000082e+00 1.890460000000000029e+00 1.889755999999999991e+00
2.975787946846998238e+03 1.893474000000000101e+00 1.892050000000000010e+00 1.892347999999999919e+00 1.892492000000000063e+00 1.892370000000000108e+00 1.891957000000000111e+00
2.986049284594746496e+03 1.893229999999999968e+00 1.892700999999999967e+00 1.893461999999999978e+00 1.894087999999999994e+00 1.894282000000000021e+00 1.894128000000000034e+00
2.996310622342494753e+03 1.892951999999999968e+00 1.893035000000000023e+00 1.894662000000000068e+00 1.895510000000000028e+00 1.896139000000000019e+00 1.896179000000000059e+00
3.006571960090243010e+03 1.892392999999999992e+00 1.893502000000000018e+00 1.895655000000000090e+00 1.896935000000000038e+00 1.898039999999999949e+00 1.898206999999999978e+00
3.016833297837991267e+03 1.891847999999999974e+00 1.894053999999999904e+00 1.896714000000000011e+00 1.898389000000000104e+00 1.899890000000000079e+00 1.900255999999999945e+00
3.027094635585739525e+03 1.891472999999999960e+00 1.894625000000000004e+00 1.897858000000000045e+00 1.899923000000000028e+00 1.901758000000000060e+00 1.902322000000000068e+00
3.037355973333487782e+03 1.891844000000000081e+00 1.895159000000000038e+00 1.899086000000000052e+00 1.901628000000000096e+00 1.903653999999999957e+00 1.904431999999999903e+00
3.047617311081236039e+03 1.892994999999999983e+00 1.895737000000000005e+00 1.900344000000000033e+00 1.903389999999999915e+00 1.905534000000000061e+00 1.906562000000000090e+00
3.057878648828984296e+03 1.894908999999999955e+00 1.897159999999999958e+00 1.901858999999999966e+00 1.905108999999999941e+00 1.907410000000000050e+00 1.908706999999999931e+00
3.068139986576732554e+03 1.897286000000000028e+00 1.898622999999999950e+00 1.903491000000000044e+00 1.907027000000000028e+00 1.909318000000000071e+00 1.910862000000000060e+00
3.078401324324480811e+03 1.899272999999999989e+00 1.900163000000000046e+00 1.905297999999999936e+00 1.908965999999999941e+00 1.911397999999999930e+00 1.912978999999999985e+00
3.088662662072229068e+03 1.900873999999999953e+00 1.902052999999999994e+00 1.907297999999999938e+00 1.911119999999999930e+00 1.913531000000000093e+00 1.915119999999999933e+00
3.098923999819977325e+03 1.902066999999999952e+00 1.904376999999999986e+00 1.909488999999999992e+00 1.913424999999999931e+00 1.915726999999999958e+00 1.917237000000000080e+00
3.109185337567725583e+03 1.903089999999999948e+00 1.906878999999999991e+00 1.911879000000000106e+00 1.915742999999999974e+00 1.917953999999999937e+00 1.919391000000000069e+00
3.119446675315473840e+03 1.904740000000000100e+00 1.909818000000000016e+00 1.914652999999999938e+00 1.918191999999999897e+00 1.920250000000000012e+00 1.921669000000000072e+00
3.129708013063222097e+03 1.907221999999999973e+00 1.913029000000000091e+00 1.917551000000000005e+00 1.920733000000000024e+00 1.922585999999999906e+00 1.923934000000000033e+00
3.139969350810970354e+03 1.911056000000000088e+00 1.916709999999999914e+00 1.920662000000000091e+00 1.923464000000000063e+00 1.925016999999999978e+00 1.926255999999999968e+00
3.150230688558718612e+03 1.915656000000000025e+00 1.920787000000000022e+00 1.923794999999999922e+00 1.926090000000000080e+00 1.927545999999999982e+00 1.928590000000000027e+00
3.160492026306466869e+03 1.921340999999999966e+00 1.925130000000000008e+00 1.927083000000000101e+00 1.928763000000000005e+00 1.930052000000000101e+00 1.930914000000000019e+00
3.170753364054215126e+03 1.927540000000000031e+00 1.929826000000000041e+00 1.930411000000000099e+00 1.931550000000000100e+00 1.932566000000000006e+00 1.933240999999999987e+00
3.181014701801963383e+03 1.934252000000000082e+00 1.934600000000000097e+00 1.933837000000000028e+00 1.934391999999999889e+00 1.935078999999999994e+00 1.935551000000000021e+00
3.191276039549712095e+03 1.941086000000000089e+00 1.939252999999999894e+00 1.937373000000000012e+00 1.937189000000000050e+00 1.937599000000000071e+00 1.937842000000000064e+00
3.201537377297460353e+03 1.947913000000000006e+00 1.944029000000000007e+00 1.940898000000000012e+00 1.939951999999999899e+00 1.940139000000000058e+00 1.940091000000000010e+00
3.211798715045208610e+03 1.954787000000000052e+00 1.948474000000000039e+00 1.944218000000000002e+00 1.942711000000000077e+00 1.942598000000000047e+00 1.942433000000000076e+00
3.222060052792956867e+03 1.960274000000000072e+00 1.952177999999999969e+00 1.947297000000000056e+00 1.945418000000000092e+00 1.945084000000000035e+00 1.944808000000000092e+00
3.232321390540705124e+03 1.964623999999999926e+00 1.955510999999999999e+00 1.950263999999999998e+00 1.948078999999999894e+00 1.947572999999999999e+00 1.947125999999999912e+00
3.242582728288453382e+03 1.967621000000000064e+00 1.958498000000000072e+00 1.953038000000000052e+00 1.950625000000000053e+00 1.950002999999999931e+00 1.949416000000000038e+00
3.252844066036201639e+03 1.969424000000000063e+00 1.961071999999999926e+00 1.955624999999999947e+00 1.953146999999999966e+00 1.952366000000000046e+00 1.951705999999999941e+00
3.263105403783949896e+03 1.970061999999999980e+00 1.962982000000000005e+00 1.958067999999999920e+00 1.955664999999999987e+00 1.954661999999999900e+00 1.953975000000000017e+00
3.273366741531698153e+03 1.970407000000000020e+00 1.964161999999999964e+00 1.960321999999999898e+00 1.958029000000000019e+00 1.956951000000000107e+00 1.956151999999999891e+00
3.283628079279446411e+03 1.970429999999999904e+00 1.965325999999999906e+00 1.962282000000000082e+00 1.960344000000000086e+00 1.959182999999999897e+00 1.958339000000000052e+00
3.293889417027194668e+03 1.970282000000000089e+00 1.966210999999999931e+00 1.964175999999999922e+00 1.962422000000000111e+00 1.961351999999999984e+00 1.960487000000000091e+00
3.304150754774942925e+03 1.969359000000000082e+00 1.967294000000000098e+00 1.966110000000000024e+00 1.964534000000000002e+00 1.963462999999999958e+00 1.962612999999999941e+00
3.314412092522691182e+03 1.968552999999999997e+00 1.968496999999999941e+00 1.967916999999999916e+00 1.966598999999999986e+00 1.965599000000000096e+00 1.964649000000000090e+00
3.324673430270439439e+03 1.968266999999999989e+00 1.969892999999999894e+00 1.969564000000000092e+00 1.968583999999999889e+00 1.967695999999999890e+00 1.966618999999999895e+00
3.334934768018187697e+03 1.968893999999999922e+00 1.971505000000000063e+00 1.971247999999999889e+00 1.970504999999999951e+00 1.969683999999999990e+00 1.968544999999999989e+00
3.345196105765935954e+03 1.970714999999999995e+00 1.973241000000000023e+00 1.973041000000000045e+00 1.972385000000000055e+00 1.971629000000000076e+00 1.970431000000000044e+00
3.355457443513684211e+03 1.974058000000000090e+00 1.975290999999999908e+00 1.974812999999999930e+00 1.974172000000000038e+00 1.973416999999999977e+00 1.972239999999999993e+00
3.365718781261432468e+03 1.978583999999999898e+00 1.977632000000000057e+00 1.976574999999999971e+00 1.975959000000000021e+00 1.975270000000000081e+00 1.974062999999999901e+00
3.375980119009180726e+03 1.983301999999999898e+00 1.980007999999999990e+00 1.978394999999999904e+00 1.977714999999999890e+00 1.976998999999999951e+00 1.975832000000000033e+00
3.386241456756928983e+03 1.987554000000000043e+00 1.982293000000000083e+00 1.980183999999999944e+00 1.979400999999999966e+00 1.978615000000000013e+00 1.977541999999999911e+00
3.396502794504677240e+03 1.990702999999999889e+00 1.984351999999999894e+00 1.981800999999999924e+00 1.980971999999999955e+00 1.980204000000000075e+00 1.979290999999999912e+00
3.406764132252425497e+03 1.992242999999999986e+00 1.986080999999999985e+00 1.983214999999999950e+00 1.982458000000000053e+00 1.981773000000000007e+00 1.981043000000000109e+00
3.417025470000173755e+03 1.991691000000000100e+00 1.987362000000000073e+00 1.984510999999999914e+00 1.983986999999999945e+00 1.983281000000000072e+00 1.982650000000000023e+00
3.427286807747922012e+03 1.989732999999999974e+00 1.987942000000000098e+00 1.985800999999999927e+00 1.985573000000000032e+00 1.984822000000000086e+00 1.984264000000000028e+00
3.437548145495670269e+03 1.987317000000000000e+00 1.988223000000000074e+00 1.987055000000000016e+00 1.987006999999999968e+00 1.986269999999999980e+00 1.985805999999999960e+00
3.447809483243418526e+03 1.985489000000000059e+00 1.988178999999999919e+00 1.988323000000000063e+00 1.988259999999999916e+00 1.987694000000000072e+00 1.987257000000000051e+00
3.458070820991166784e+03 1.984299000000000035e+00 1.988199999999999967e+00 1.989465000000000039e+00 1.989570000000000061e+00 1.989092000000000082e+00 1.988717000000000068e+00
3.468332158738915041e+03 1.983915000000000095e+00 1.988150000000000084e+00 1.990512999999999977e+00 1.990820999999999952e+00 1.990488000000000035e+00 1.990188000000000068e+00
3.478593496486663298e+03 1.984445999999999932e+00 1.988208999999999893e+00 1.991544999999999899e+00 1.991867999999999972e+00 1.991843999999999948e+00 1.991622000000000003e+00
3.488854834234411555e+03 1.985422000000000020e+00 1.988648999999999889e+00 1.992499000000000020e+00 1.992949999999999999e+00 1.993227000000000082e+00 1.993041999999999980e+00
3.499116171982159813e+03 1.986347000000000085e+00 1.989349999999999952e+00 1.993368999999999946e+00 1.994196000000000080e+00 1.994661999999999935e+00 1.994428000000000090e+00
3.509377509729908070e+03 1.987128999999999923e+00 1.990142000000000078e+00 1.994318000000000035e+00 1.995460000000000012e+00 1.995967999999999964e+00 1.995787999999999895e+00
3.519638847477656327e+03 1.987783999999999995e+00 1.990931000000000006e+00 1.995343000000000089e+00 1.996715999999999935e+00 1.997238999999999987e+00 1.997147999999999923e+00
3.529900185225404584e+03 1.988513999999999893e+00 1.992021000000000042e+00 1.996448999999999918e+00 1.997900999999999927e+00 1.998534999999999950e+00 1.998493000000000075e+00
3.540161522973152842e+03 1.989830999999999905e+00 1.993502000000000107e+00 1.997657999999999934e+00 1.999160999999999966e+00 1.999829000000000079e+00 1.999827999999999939e+00
3.550422860720901099e+03 1.991438999999999959e+00 1.995106000000000046e+00 1.998934999999999906e+00 2.000484999999999847e+00 2.001147000000000009e+00 2.001174999999999926e+00
3.560684198468649356e+03 1.993517999999999901e+00 1.996923999999999921e+00 2.000293000000000099e+00 2.001844000000000179e+00 2.002529000000000003e+00 2.002536000000000094e+00
3.570945536216398068e+03 1.996110000000000051e+00 1.998934999999999906e+00 2.001723000000000141e+00 2.003140999999999838e+00 2.003861999999999810e+00 2.003839999999999844e+00
3.581206873964146325e+03 1.999176000000000064e+00 2.001138000000000083e+00 2.003207999999999878e+00 2.004340000000000011e+00 2.005195000000000061e+00 2.005187999999999970e+00
3.591468211711894583e+03 2.002610999999999919e+00 2.003601000000000187e+00 2.004751999999999867e+00 2.005705999999999989e+00 2.006426999999999961e+00 2.006482000000000099e+00
3.601729549459642840e+03 2.006159999999999943e+00 2.005993000000000137e+00 2.006343000000000210e+00 2.007229000000000152e+00 2.007645000000000124e+00 2.007804000000000144e+00
3.611990887207391097e+03 2.009650000000000158e+00 2.008207000000000075e+00 2.007884999999999920e+00 2.008691999999999922e+00 2.008923999999999932e+00 2.009164999999999868e+00
3.622252224955139354e+03 2.012906999999999780e+00 2.010247000000000117e+00 2.009358000000000199e+00 2.010044999999999860e+00 2.010269000000000084e+00 2.010540999999999912e+00
3.632513562702887612e+03 2.015747999999999873e+00 2.012134000000000089e+00 2.010780000000000012e+00 2.011445000000000149e+00 2.011607999999999841e+00 2.011892000000000014e+00
3.642774900450635869e+03 2.017043000000000141e+00 2.013695999999999930e+00 2.012351999999999919e+00 2.012995999999999786e+00 2.013014000000000081e+00 2.013171999999999962e+00
3.653036238198384126e+03 2.016915000000000013e+00 2.014822000000000113e+00 2.013840000000000074e+00 2.014371999999999829e+00 2.014340999999999937e+00 2.014453000000000049e+00
